    0.0000  -48.9228
    0.0100  -48.9228
    0.0200  -48.9228
    0.0300  -48.9228
    0.0400  -48.9228
    0.0500  -48.9227
    0.0600  -48.9227
    0.0700  -48.9226
    0.0800  -48.9225
    0.0900  -48.9225
    0.1000  -48.9224
    0.1100  -48.9223
    0.1200  -48.9222
    0.1300  -48.9221
    0.1400  -48.9220
    0.1500  -48.9219
    0.1600  -48.9217
    0.1700  -48.9216
    0.1800  -48.9214
    0.1900  -48.9213
    0.2000  -48.9211
    0.2100  -48.9210
    0.2200  -48.9208
    0.2300  -48.9206
    0.2400  -48.9204
    0.2500  -48.9202
    0.2600  -48.9200
    0.2700  -48.9198
    0.2800  -48.9196
    0.2900  -48.9194
    0.3000  -48.9192
    0.3100  -48.9190
    0.3200  -48.9187
    0.3300  -48.9185
    0.3400  -48.9183
    0.3500  -48.9180
    0.3600  -48.9178
    0.3700  -48.9175
    0.3800  -48.9173
    0.3900  -48.9170
    0.4000  -48.9167
    0.4100  -48.9165
    0.4200  -48.9162
    0.4300  -48.9159
    0.4400  -48.9157
    0.4500  -48.9154
    0.4600  -48.9151
    0.4700  -48.9149
    0.4800  -48.9146
    0.4900  -48.9143
    0.5000  -48.9140
    0.5100  -48.9138
    0.5200  -48.9135
    0.5300  -48.9132
    0.5400  -48.9129
    0.5500  -48.9127
    0.5600  -48.9124
    0.5700  -48.9121
    0.5800  -48.9118
    0.5900  -48.9116
    0.6000  -48.9113
    0.6100  -48.9111
    0.6200  -48.9108
    0.6300  -48.9105
    0.6400  -48.9103
    0.6500  -48.9100
    0.6600  -48.9098
    0.6700  -48.9096
    0.6800  -48.9093
    0.6900  -48.9091
    0.7000  -48.9089
    0.7100  -48.9087
    0.7200  -48.9084
    0.7300  -48.9082
    0.7400  -48.9080
    0.7500  -48.9078
    0.7600  -48.9076
    0.7700  -48.9074
    0.7800  -48.9073
    0.7900  -48.9071
    0.8000  -48.9069
    0.8100  -48.9068
    0.8200  -48.9066
    0.8300  -48.9065
    0.8400  -48.9063
    0.8500  -48.9062
    0.8600  -48.9061
    0.8700  -48.9060
    0.8800  -48.9059
    0.8900  -48.9058
    0.9000  -48.9057
    0.9100  -48.9056
    0.9200  -48.9055
    0.9300  -48.9055
    0.9400  -48.9054
    0.9500  -48.9054
    0.9600  -48.9053
    0.9700  -48.9053
    0.9800  -48.9053
    0.9900  -48.9053
    1.0000  -48.9053

    0.0000  -17.3965
    0.0100  -17.3966
    0.0200  -17.3970
    0.0300  -17.3976
    0.0400  -17.3984
    0.0500  -17.3995
    0.0600  -17.4008
    0.0700  -17.4024
    0.0800  -17.4042
    0.0900  -17.4062
    0.1000  -17.4085
    0.1100  -17.4109
    0.1200  -17.4136
    0.1300  -17.4166
    0.1400  -17.4197
    0.1500  -17.4231
    0.1600  -17.4266
    0.1700  -17.4304
    0.1800  -17.4344
    0.1900  -17.4385
    0.2000  -17.4429
    0.2100  -17.4474
    0.2200  -17.4521
    0.2300  -17.4570
    0.2400  -17.4621
    0.2500  -17.4673
    0.2600  -17.4726
    0.2700  -17.4781
    0.2800  -17.4838
    0.2900  -17.4896
    0.3000  -17.4955
    0.3100  -17.5015
    0.3200  -17.5076
    0.3300  -17.5139
    0.3400  -17.5202
    0.3500  -17.5267
    0.3600  -17.5332
    0.3700  -17.5398
    0.3800  -17.5465
    0.3900  -17.5532
    0.4000  -17.5600
    0.4100  -17.5668
    0.4200  -17.5737
    0.4300  -17.5806
    0.4400  -17.5876
    0.4500  -17.5946
    0.4600  -17.6015
    0.4700  -17.6085
    0.4800  -17.6155
    0.4900  -17.6225
    0.5000  -17.6294
    0.5100  -17.6364
    0.5200  -17.6433
    0.5300  -17.6502
    0.5400  -17.6570
    0.5500  -17.6638
    0.5600  -17.6705
    0.5700  -17.6772
    0.5800  -17.6838
    0.5900  -17.6903
    0.6000  -17.6968
    0.6100  -17.7032
    0.6200  -17.7095
    0.6300  -17.7156
    0.6400  -17.7217
    0.6500  -17.7277
    0.6600  -17.7336
    0.6700  -17.7393
    0.6800  -17.7450
    0.6900  -17.7505
    0.7000  -17.7559
    0.7100  -17.7611
    0.7200  -17.7662
    0.7300  -17.7712
    0.7400  -17.7760
    0.7500  -17.7807
    0.7600  -17.7852
    0.7700  -17.7896
    0.7800  -17.7938
    0.7900  -17.7978
    0.8000  -17.8017
    0.8100  -17.8054
    0.8200  -17.8089
    0.8300  -17.8123
    0.8400  -17.8155
    0.8500  -17.8184
    0.8600  -17.8213
    0.8700  -17.8239
    0.8800  -17.8263
    0.8900  -17.8286
    0.9000  -17.8306
    0.9100  -17.8325
    0.9200  -17.8342
    0.9300  -17.8357
    0.9400  -17.8369
    0.9500  -17.8380
    0.9600  -17.8389
    0.9700  -17.8396
    0.9800  -17.8401
    0.9900  -17.8404
    1.0000  -17.8405

    0.0000  -17.3965
    0.0100  -17.3965
    0.0200  -17.3966
    0.0300  -17.3967
    0.0400  -17.3969
    0.0500  -17.3972
    0.0600  -17.3975
    0.0700  -17.3979
    0.0800  -17.3984
    0.0900  -17.3989
    0.1000  -17.3994
    0.1100  -17.4000
    0.1200  -17.4007
    0.1300  -17.4014
    0.1400  -17.4022
    0.1500  -17.4030
    0.1600  -17.4039
    0.1700  -17.4049
    0.1800  -17.4059
    0.1900  -17.4069
    0.2000  -17.4080
    0.2100  -17.4091
    0.2200  -17.4103
    0.2300  -17.4115
    0.2400  -17.4128
    0.2500  -17.4141
    0.2600  -17.4155
    0.2700  -17.4169
    0.2800  -17.4183
    0.2900  -17.4198
    0.3000  -17.4213
    0.3100  -17.4228
    0.3200  -17.4244
    0.3300  -17.4260
    0.3400  -17.4277
    0.3500  -17.4293
    0.3600  -17.4310
    0.3700  -17.4327
    0.3800  -17.4345
    0.3900  -17.4362
    0.4000  -17.4380
    0.4100  -17.4398
    0.4200  -17.4416
    0.4300  -17.4435
    0.4400  -17.4453
    0.4500  -17.4472
    0.4600  -17.4490
    0.4700  -17.4509
    0.4800  -17.4528
    0.4900  -17.4546
    0.5000  -17.4565
    0.5100  -17.4584
    0.5200  -17.4603
    0.5300  -17.4621
    0.5400  -17.4640
    0.5500  -17.4658
    0.5600  -17.4677
    0.5700  -17.4695
    0.5800  -17.4713
    0.5900  -17.4732
    0.6000  -17.4749
    0.6100  -17.4767
    0.6200  -17.4785
    0.6300  -17.4802
    0.6400  -17.4819
    0.6500  -17.4836
    0.6600  -17.4852
    0.6700  -17.4868
    0.6800  -17.4884
    0.6900  -17.4900
    0.7000  -17.4915
    0.7100  -17.4930
    0.7200  -17.4945
    0.7300  -17.4959
    0.7400  -17.4973
    0.7500  -17.4986
    0.7600  -17.4999
    0.7700  -17.5012
    0.7800  -17.5024
    0.7900  -17.5035
    0.8000  -17.5047
    0.8100  -17.5057
    0.8200  -17.5068
    0.8300  -17.5077
    0.8400  -17.5086
    0.8500  -17.5095
    0.8600  -17.5103
    0.8700  -17.5111
    0.8800  -17.5118
    0.8900  -17.5125
    0.9000  -17.5131
    0.9100  -17.5136
    0.9200  -17.5141
    0.9300  -17.5145
    0.9400  -17.5149
    0.9500  -17.5152
    0.9600  -17.5155
    0.9700  -17.5157
    0.9800  -17.5159
    0.9900  -17.5159
    1.0000  -17.5160

    0.0000  -17.3965
    0.0100  -17.3965
    0.0200  -17.3966
    0.0300  -17.3967
    0.0400  -17.3969
    0.0500  -17.3972
    0.0600  -17.3975
    0.0700  -17.3979
    0.0800  -17.3984
    0.0900  -17.3989
    0.1000  -17.3994
    0.1100  -17.4000
    0.1200  -17.4007
    0.1300  -17.4014
    0.1400  -17.4022
    0.1500  -17.4030
    0.1600  -17.4039
    0.1700  -17.4049
    0.1800  -17.4059
    0.1900  -17.4069
    0.2000  -17.4080
    0.2100  -17.4091
    0.2200  -17.4103
    0.2300  -17.4115
    0.2400  -17.4128
    0.2500  -17.4141
    0.2600  -17.4155
    0.2700  -17.4169
    0.2800  -17.4183
    0.2900  -17.4198
    0.3000  -17.4213
    0.3100  -17.4228
    0.3200  -17.4244
    0.3300  -17.4260
    0.3400  -17.4277
    0.3500  -17.4293
    0.3600  -17.4310
    0.3700  -17.4327
    0.3800  -17.4345
    0.3900  -17.4362
    0.4000  -17.4380
    0.4100  -17.4398
    0.4200  -17.4416
    0.4300  -17.4435
    0.4400  -17.4453
    0.4500  -17.4472
    0.4600  -17.4490
    0.4700  -17.4509
    0.4800  -17.4528
    0.4900  -17.4546
    0.5000  -17.4565
    0.5100  -17.4584
    0.5200  -17.4603
    0.5300  -17.4621
    0.5400  -17.4640
    0.5500  -17.4658
    0.5600  -17.4677
    0.5700  -17.4695
    0.5800  -17.4713
    0.5900  -17.4732
    0.6000  -17.4749
    0.6100  -17.4767
    0.6200  -17.4785
    0.6300  -17.4802
    0.6400  -17.4819
    0.6500  -17.4836
    0.6600  -17.4852
    0.6700  -17.4868
    0.6800  -17.4884
    0.6900  -17.4900
    0.7000  -17.4915
    0.7100  -17.4930
    0.7200  -17.4945
    0.7300  -17.4959
    0.7400  -17.4973
    0.7500  -17.4986
    0.7600  -17.4999
    0.7700  -17.5012
    0.7800  -17.5024
    0.7900  -17.5035
    0.8000  -17.5047
    0.8100  -17.5057
    0.8200  -17.5068
    0.8300  -17.5077
    0.8400  -17.5086
    0.8500  -17.5095
    0.8600  -17.5103
    0.8700  -17.5111
    0.8800  -17.5118
    0.8900  -17.5125
    0.9000  -17.5131
    0.9100  -17.5136
    0.9200  -17.5141
    0.9300  -17.5145
    0.9400  -17.5149
    0.9500  -17.5152
    0.9600  -17.5155
    0.9700  -17.5157
    0.9800  -17.5159
    0.9900  -17.5159
    1.0000  -17.5160

    0.0000   -6.4228
    0.0100   -6.4223
    0.0200   -6.4209
    0.0300   -6.4186
    0.0400   -6.4154
    0.0500   -6.4113
    0.0600   -6.4063
    0.0700   -6.4004
    0.0800   -6.3936
    0.0900   -6.3858
    0.1000   -6.3772
    0.1100   -6.3678
    0.1200   -6.3574
    0.1300   -6.3462
    0.1400   -6.3341
    0.1500   -6.3212
    0.1600   -6.3074
    0.1700   -6.2928
    0.1800   -6.2773
    0.1900   -6.2611
    0.2000   -6.2441
    0.2100   -6.2262
    0.2200   -6.2076
    0.2300   -6.1883
    0.2400   -6.1682
    0.2500   -6.1474
    0.2600   -6.1259
    0.2700   -6.1036
    0.2800   -6.0807
    0.2900   -6.0571
    0.3000   -6.0329
    0.3100   -6.0081
    0.3200   -5.9826
    0.3300   -5.9566
    0.3400   -5.9299
    0.3500   -5.9027
    0.3600   -5.8751
    0.3700   -5.8469
    0.3800   -5.8182
    0.3900   -5.7890
    0.4000   -5.7594
    0.4100   -5.7294
    0.4200   -5.6990
    0.4300   -5.6683
    0.4400   -5.6372
    0.4500   -5.6058
    0.4600   -5.5740
    0.4700   -5.5421
    0.4800   -5.5099
    0.4900   -5.4775
    0.5000   -5.4449
    0.5100   -5.4121
    0.5200   -5.3792
    0.5300   -5.3463
    0.5400   -5.3132
    0.5500   -5.2802
    0.5600   -5.2471
    0.5700   -5.2141
    0.5800   -5.1811
    0.5900   -5.1483
    0.6000   -5.1155
    0.6100   -5.0830
    0.6200   -5.0506
    0.6300   -5.0184
    0.6400   -4.9865
    0.6500   -4.9550
    0.6600   -4.9237
    0.6700   -4.8928
    0.6800   -4.8624
    0.6900   -4.8323
    0.7000   -4.8028
    0.7100   -4.7738
    0.7200   -4.7453
    0.7300   -4.7174
    0.7400   -4.6901
    0.7500   -4.6635
    0.7600   -4.6376
    0.7700   -4.6124
    0.7800   -4.5880
    0.7900   -4.5954
    0.8000   -4.6058
    0.8100   -4.6157
    0.8200   -4.6252
    0.8300   -4.6342
    0.8400   -4.6426
    0.8500   -4.6506
    0.8600   -4.6581
    0.8700   -4.6651
    0.8800   -4.6716
    0.8900   -4.6776
    0.9000   -4.6831
    0.9100   -4.6881
    0.9200   -4.6925
    0.9300   -4.6964
    0.9400   -4.6999
    0.9500   -4.7027
    0.9600   -4.7051
    0.9700   -4.7070
    0.9800   -4.7083
    0.9900   -4.7091
    1.0000   -4.7093

    0.0000   -3.4094
    0.0100   -3.4098
    0.0200   -3.4110
    0.0300   -3.4130
    0.0400   -3.4158
    0.0500   -3.4194
    0.0600   -3.4238
    0.0700   -3.4289
    0.0800   -3.4349
    0.0900   -3.4415
    0.1000   -3.4490
    0.1100   -3.4571
    0.1200   -3.4660
    0.1300   -3.4756
    0.1400   -3.4858
    0.1500   -3.4968
    0.1600   -3.5084
    0.1700   -3.5206
    0.1800   -3.5334
    0.1900   -3.5468
    0.2000   -3.5608
    0.2100   -3.5753
    0.2200   -3.5903
    0.2300   -3.6059
    0.2400   -3.6219
    0.2500   -3.6384
    0.2600   -3.6553
    0.2700   -3.6726
    0.2800   -3.6902
    0.2900   -3.7083
    0.3000   -3.7266
    0.3100   -3.7453
    0.3200   -3.7643
    0.3300   -3.7835
    0.3400   -3.8029
    0.3500   -3.8226
    0.3600   -3.8424
    0.3700   -3.8624
    0.3800   -3.8826
    0.3900   -3.9028
    0.4000   -3.9232
    0.4100   -3.9436
    0.4200   -3.9640
    0.4300   -3.9845
    0.4400   -4.0050
    0.4500   -4.0255
    0.4600   -4.0460
    0.4700   -4.0663
    0.4800   -4.0867
    0.4900   -4.1069
    0.5000   -4.1270
    0.5100   -4.1470
    0.5200   -4.1669
    0.5300   -4.1865
    0.5400   -4.2060
    0.5500   -4.2253
    0.5600   -4.2444
    0.5700   -4.2633
    0.5800   -4.2819
    0.5900   -4.3003
    0.6000   -4.3184
    0.6100   -4.3362
    0.6200   -4.3537
    0.6300   -4.3709
    0.6400   -4.3878
    0.6500   -4.4043
    0.6600   -4.4205
    0.6700   -4.4364
    0.6800   -4.4519
    0.6900   -4.4670
    0.7000   -4.4817
    0.7100   -4.4960
    0.7200   -4.5100
    0.7300   -4.5235
    0.7400   -4.5366
    0.7500   -4.5492
    0.7600   -4.5614
    0.7700   -4.5732
    0.7800   -4.5845
    0.7900   -4.5644
    0.8000   -4.5416
    0.8100   -4.5197
    0.8200   -4.4987
    0.8300   -4.4786
    0.8400   -4.4595
    0.8500   -4.4414
    0.8600   -4.4243
    0.8700   -4.4083
    0.8800   -4.3933
    0.8900   -4.3795
    0.9000   -4.3667
    0.9100   -4.3551
    0.9200   -4.3447
    0.9300   -4.3355
    0.9400   -4.3274
    0.9500   -4.3206
    0.9600   -4.3150
    0.9700   -4.3106
    0.9800   -4.3075
    0.9900   -4.3056
    1.0000   -4.3050

    0.0000    6.9560
    0.0100    6.9563
    0.0200    6.9571
    0.0300    6.9585
    0.0400    6.9604
    0.0500    6.9628
    0.0600    6.9658
    0.0700    6.9693
    0.0800    6.9734
    0.0900    6.9780
    0.1000    6.9831
    0.1100    6.9888
    0.1200    6.9950
    0.1300    7.0018
    0.1400    7.0091
    0.1500    7.0169
    0.1600    7.0253
    0.1700    7.0342
    0.1800    7.0436
    0.1900    7.0536
    0.2000    7.0641
    0.2100    7.0753
    0.2200    7.0868
    0.2300    7.0990
    0.2400    7.1116
    0.2500    7.1248
    0.2600    7.1385
    0.2700    7.1527
    0.2800    7.1674
    0.2900    7.1827
    0.3000    7.1985
    0.3100    7.2148
    0.3200    7.2316
    0.3300    7.2489
    0.3400    7.2668
    0.3500    7.2851
    0.3600    7.3040
    0.3700    7.3233
    0.3800    7.3432
    0.3900    7.3635
    0.4000    7.3843
    0.4100    7.4056
    0.4200    7.4274
    0.4300    7.4496
    0.4400    7.4723
    0.4500    7.4955
    0.4600    7.5191
    0.4700    7.5431
    0.4800    7.5676
    0.4900    7.5925
    0.5000    7.6177
    0.5100    7.6435
    0.5200    7.6696
    0.5300    7.6960
    0.5400    7.7229
    0.5500    7.7501
    0.5600    7.7419
    0.5700    7.6654
    0.5800    7.5899
    0.5900    7.5155
    0.6000    7.4422
    0.6100    7.3700
    0.6200    7.2991
    0.6300    7.2294
    0.6400    7.1610
    0.6500    7.0939
    0.6600    7.0282
    0.6700    6.9638
    0.6800    6.9009
    0.6900    6.8394
    0.7000    6.7795
    0.7100    6.7210
    0.7200    6.6641
    0.7300    6.6089
    0.7400    6.5553
    0.7500    6.5033
    0.7600    6.4531
    0.7700    6.4046
    0.7800    6.3579
    0.7900    6.3130
    0.8000    6.2699
    0.8100    6.2287
    0.8200    6.1894
    0.8300    6.1520
    0.8400    6.1166
    0.8500    6.0832
    0.8600    6.0518
    0.8700    6.0224
    0.8800    5.9952
    0.8900    5.9700
    0.9000    5.9469
    0.9100    5.9260
    0.9200    5.9072
    0.9300    5.8906
    0.9400    5.8762
    0.9500    5.8639
    0.9600    5.8539
    0.9700    5.8462
    0.9800    5.8407
    0.9900    5.8373
    1.0000    5.8362

    0.0000    6.9560
    0.0100    6.9563
    0.0200    6.9571
    0.0300    6.9585
    0.0400    6.9604
    0.0500    6.9628
    0.0600    6.9658
    0.0700    6.9693
    0.0800    6.9734
    0.0900    6.9780
    0.1000    6.9831
    0.1100    6.9888
    0.1200    6.9950
    0.1300    7.0018
    0.1400    7.0091
    0.1500    7.0169
    0.1600    7.0253
    0.1700    7.0342
    0.1800    7.0436
    0.1900    7.0536
    0.2000    7.0641
    0.2100    7.0753
    0.2200    7.0868
    0.2300    7.0990
    0.2400    7.1116
    0.2500    7.1248
    0.2600    7.1385
    0.2700    7.1527
    0.2800    7.1674
    0.2900    7.1827
    0.3000    7.1985
    0.3100    7.2148
    0.3200    7.2316
    0.3300    7.2489
    0.3400    7.2668
    0.3500    7.2851
    0.3600    7.3040
    0.3700    7.3233
    0.3800    7.3432
    0.3900    7.3635
    0.4000    7.3843
    0.4100    7.4056
    0.4200    7.4274
    0.4300    7.4496
    0.4400    7.4723
    0.4500    7.4955
    0.4600    7.5191
    0.4700    7.5431
    0.4800    7.5676
    0.4900    7.5925
    0.5000    7.6177
    0.5100    7.6435
    0.5200    7.6696
    0.5300    7.6960
    0.5400    7.7229
    0.5500    7.7501
    0.5600    7.7776
    0.5700    7.8054
    0.5800    7.8336
    0.5900    7.8621
    0.6000    7.8908
    0.6100    7.9198
    0.6200    7.9490
    0.6300    7.9784
    0.6400    8.0081
    0.6500    8.0378
    0.6600    8.0678
    0.6700    8.0978
    0.6800    8.1279
    0.6900    8.1581
    0.7000    8.1882
    0.7100    8.2184
    0.7200    8.2485
    0.7300    8.2784
    0.7400    8.3083
    0.7500    8.3379
    0.7600    8.3673
    0.7700    8.3965
    0.7800    8.4252
    0.7900    8.4536
    0.8000    8.4815
    0.8100    8.5088
    0.8200    8.5355
    0.8300    8.5616
    0.8400    8.5868
    0.8500    8.6112
    0.8600    8.6347
    0.8700    8.6571
    0.8800    8.6784
    0.8900    8.6984
    0.9000    8.7171
    0.9100    8.7345
    0.9200    8.7503
    0.9300    8.7644
    0.9400    8.7769
    0.9500    8.7877
    0.9600    8.7966
    0.9700    8.8035
    0.9800    8.8086
    0.9900    8.8116
    1.0000    8.8126

    0.0000    6.9560
    0.0100    6.9571
    0.0200    6.9603
    0.0300    6.9656
    0.0400    6.9730
    0.0500    6.9825
    0.0600    6.9942
    0.0700    7.0079
    0.0800    7.0238
    0.0900    7.0417
    0.1000    7.0616
    0.1100    7.0836
    0.1200    7.1075
    0.1300    7.1335
    0.1400    7.1614
    0.1500    7.1913
    0.1600    7.2231
    0.1700    7.2568
    0.1800    7.2924
    0.1900    7.3299
    0.2000    7.3692
    0.2100    7.4103
    0.2200    7.4531
    0.2300    7.4976
    0.2400    7.5439
    0.2500    7.5918
    0.2600    7.6414
    0.2700    7.6926
    0.2800    7.7453
    0.2900    7.7996
    0.3000    7.8553
    0.3100    7.9124
    0.3200    7.9710
    0.3300    8.0310
    0.3400    8.0924
    0.3500    8.1551
    0.3600    8.2190
    0.3700    8.2841
    0.3800    8.3505
    0.3900    8.4179
    0.4000    8.4865
    0.4100    8.5562
    0.4200    8.6270
    0.4300    8.6986
    0.4400    8.7274
    0.4500    8.6416
    0.4600    8.5562
    0.4700    8.4714
    0.4800    8.3873
    0.4900    8.3038
    0.5000    8.2210
    0.5100    8.1390
    0.5200    8.0578
    0.5300    7.9775
    0.5400    7.8980
    0.5500    7.8195
    0.5600    7.7776
    0.5700    7.8054
    0.5800    7.8336
    0.5900    7.8621
    0.6000    7.8908
    0.6100    7.9198
    0.6200    7.9490
    0.6300    7.9784
    0.6400    8.0081
    0.6500    8.0378
    0.6600    8.0678
    0.6700    8.0978
    0.6800    8.1279
    0.6900    8.1581
    0.7000    8.1882
    0.7100    8.2184
    0.7200    8.2485
    0.7300    8.2784
    0.7400    8.3083
    0.7500    8.3379
    0.7600    8.3673
    0.7700    8.3965
    0.7800    8.4252
    0.7900    8.4536
    0.8000    8.4815
    0.8100    8.5088
    0.8200    8.5355
    0.8300    8.5616
    0.8400    8.5868
    0.8500    8.6112
    0.8600    8.6347
    0.8700    8.6571
    0.8800    8.6784
    0.8900    8.6984
    0.9000    8.7171
    0.9100    8.7345
    0.9200    8.7503
    0.9300    8.7644
    0.9400    8.7769
    0.9500    8.7877
    0.9600    8.7966
    0.9700    8.8035
    0.9800    8.8086
    0.9900    8.8116
    1.0000    8.8126

    0.0000   11.6553
    0.0100   11.6527
    0.0200   11.6451
    0.0300   11.6322
    0.0400   11.6141
    0.0500   11.5911
    0.0600   11.5632
    0.0700   11.5307
    0.0800   11.4937
    0.0900   11.4524
    0.1000   11.4069
    0.1100   11.3576
    0.1200   11.3047
    0.1300   11.2482
    0.1400   11.1886
    0.1500   11.1260
    0.1600   11.0605
    0.1700   10.9925
    0.1800   10.9221
    0.1900   10.8495
    0.2000   10.7749
    0.2100   10.6985
    0.2200   10.6204
    0.2300   10.5408
    0.2400   10.4598
    0.2500   10.3776
    0.2600   10.2944
    0.2700   10.2102
    0.2800   10.1251
    0.2900   10.0393
    0.3000    9.9530
    0.3100    9.8661
    0.3200    9.7787
    0.3300    9.6910
    0.3400    9.6032
    0.3500    9.5152
    0.3600    9.4270
    0.3700    9.3389
    0.3800    9.2509
    0.3900    9.1629
    0.4000    9.0752
    0.4100    8.9878
    0.4200    8.9006
    0.4300    8.8138
    0.4400    8.7712
    0.4500    8.8447
    0.4600    8.9190
    0.4700    8.9941
    0.4800    9.0700
    0.4900    9.1465
    0.5000    9.2237
    0.5100    9.3017
    0.5200    9.3801
    0.5300    9.4590
    0.5400    9.5383
    0.5500    9.6181
    0.5600    9.6981
    0.5700    9.7785
    0.5800    9.8591
    0.5900    9.9399
    0.6000   10.0207
    0.6100   10.1016
    0.6200   10.1825
    0.6300   10.2633
    0.6400   10.3440
    0.6500   10.4243
    0.6600   10.5044
    0.6700   10.5840
    0.6800   10.6632
    0.6900   10.7417
    0.7000   10.8195
    0.7100   10.8967
    0.7200   10.9730
    0.7300   11.0483
    0.7400   11.1226
    0.7500   11.1282
    0.7600   11.1051
    0.7700   11.0820
    0.7800   11.0589
    0.7900   11.0359
    0.8000   11.0131
    0.8100   10.9904
    0.8200   10.9682
    0.8300   10.9463
    0.8400   10.9249
    0.8500   10.9041
    0.8600   10.8839
    0.8700   10.8646
    0.8800   10.8461
    0.8900   10.8286
    0.9000   10.8121
    0.9100   10.7969
    0.9200   10.7829
    0.9300   10.7704
    0.9400   10.7593
    0.9500   10.7497
    0.9600   10.7417
    0.9700   10.7355
    0.9800   10.7310
    0.9900   10.7283
    1.0000   10.7274

    0.0000   11.6553
    0.0100   11.6554
    0.0200   11.6556
    0.0300   11.6560
    0.0400   11.6564
    0.0500   11.6569
    0.0600   11.6575
    0.0700   11.6583
    0.0800   11.6591
    0.0900   11.6599
    0.1000   11.6609
    0.1100   11.6619
    0.1200   11.6630
    0.1300   11.6641
    0.1400   11.6652
    0.1500   11.6663
    0.1600   11.6675
    0.1700   11.6686
    0.1800   11.6697
    0.1900   11.6708
    0.2000   11.6718
    0.2100   11.6727
    0.2200   11.6736
    0.2300   11.6743
    0.2400   11.6748
    0.2500   11.6752
    0.2600   11.6755
    0.2700   11.6756
    0.2800   11.6754
    0.2900   11.6750
    0.3000   11.6743
    0.3100   11.6733
    0.3200   11.6721
    0.3300   11.6705
    0.3400   11.6685
    0.3500   11.6663
    0.3600   11.6636
    0.3700   11.6605
    0.3800   11.6569
    0.3900   11.6529
    0.4000   11.6484
    0.4100   11.6435
    0.4200   11.6380
    0.4300   11.6319
    0.4400   11.6253
    0.4500   11.6182
    0.4600   11.6105
    0.4700   11.6022
    0.4800   11.5932
    0.4900   11.5837
    0.5000   11.5735
    0.5100   11.5628
    0.5200   11.5513
    0.5300   11.5393
    0.5400   11.5265
    0.5500   11.5132
    0.5600   11.4992
    0.5700   11.4845
    0.5800   11.4692
    0.5900   11.4533
    0.6000   11.4367
    0.6100   11.4195
    0.6200   11.4018
    0.6300   11.3835
    0.6400   11.3646
    0.6500   11.3452
    0.6600   11.3252
    0.6700   11.3048
    0.6800   11.2839
    0.6900   11.2626
    0.7000   11.2409
    0.7100   11.2189
    0.7200   11.1965
    0.7300   11.1739
    0.7400   11.1511
    0.7500   11.1282
    0.7600   11.1051
    0.7700   11.0820
    0.7800   11.0589
    0.7900   11.0359
    0.8000   11.0131
    0.8100   10.9904
    0.8200   10.9682
    0.8300   10.9463
    0.8400   10.9249
    0.8500   10.9041
    0.8600   10.8839
    0.8700   10.8646
    0.8800   10.8461
    0.8900   10.8286
    0.9000   10.8121
    0.9100   10.7969
    0.9200   10.7829
    0.9300   10.7704
    0.9400   10.7593
    0.9500   10.7497
    0.9600   10.7417
    0.9700   10.7355
    0.9800   10.7310
    0.9900   10.7283
    1.0000   10.7274

    0.0000   11.6553
    0.0100   11.6554
    0.0200   11.6556
    0.0300   11.6560
    0.0400   11.6564
    0.0500   11.6569
    0.0600   11.6575
    0.0700   11.6583
    0.0800   11.6591
    0.0900   11.6599
    0.1000   11.6609
    0.1100   11.6619
    0.1200   11.6630
    0.1300   11.6641
    0.1400   11.6652
    0.1500   11.6663
    0.1600   11.6675
    0.1700   11.6686
    0.1800   11.6697
    0.1900   11.6708
    0.2000   11.6718
    0.2100   11.6727
    0.2200   11.6736
    0.2300   11.6743
    0.2400   11.6748
    0.2500   11.6752
    0.2600   11.6755
    0.2700   11.6756
    0.2800   11.6754
    0.2900   11.6750
    0.3000   11.6743
    0.3100   11.6733
    0.3200   11.6721
    0.3300   11.6705
    0.3400   11.6685
    0.3500   11.6663
    0.3600   11.6636
    0.3700   11.6605
    0.3800   11.6569
    0.3900   11.6529
    0.4000   11.6484
    0.4100   11.6435
    0.4200   11.6380
    0.4300   11.6319
    0.4400   11.6253
    0.4500   11.6182
    0.4600   11.6105
    0.4700   11.6022
    0.4800   11.5932
    0.4900   11.5837
    0.5000   11.5735
    0.5100   11.5628
    0.5200   11.5513
    0.5300   11.5393
    0.5400   11.5265
    0.5500   11.5132
    0.5600   11.4992
    0.5700   11.4845
    0.5800   11.4692
    0.5900   11.4533
    0.6000   11.4367
    0.6100   11.4195
    0.6200   11.4018
    0.6300   11.3835
    0.6400   11.3646
    0.6500   11.3452
    0.6600   11.3252
    0.6700   11.3048
    0.6800   11.2839
    0.6900   11.2626
    0.7000   11.2409
    0.7100   11.2189
    0.7200   11.1965
    0.7300   11.1739
    0.7400   11.1511
    0.7500   11.1957
    0.7600   11.2677
    0.7700   11.3381
    0.7800   11.4071
    0.7900   11.4743
    0.8000   11.5398
    0.8100   11.6034
    0.8200   11.6649
    0.8300   11.7243
    0.8400   11.7813
    0.8500   11.8358
    0.8600   11.8876
    0.8700   11.9368
    0.8800   11.9830
    0.8900   12.0261
    0.9000   12.0660
    0.9100   12.1026
    0.9200   12.1358
    0.9300   12.1653
    0.9400   12.1912
    0.9500   12.2132
    0.9600   12.2314
    0.9700   12.2456
    0.9800   12.2558
    0.9900   12.2619
    1.0000   12.2640

    0.0000   16.1546
    0.0100   16.1549
    0.0200   16.1559
    0.0300   16.1575
    0.0400   16.1598
    0.0500   16.1626
    0.0600   16.1662
    0.0700   16.1704
    0.0800   16.1752
    0.0900   16.1806
    0.1000   16.1867
    0.1100   16.1934
    0.1200   16.2007
    0.1300   16.2087
    0.1400   16.2172
    0.1500   16.2264
    0.1600   16.2362
    0.1700   16.2466
    0.1800   16.2576
    0.1900   16.2692
    0.2000   16.2813
    0.2100   16.2941
    0.2200   16.3074
    0.2300   16.3213
    0.2400   16.3357
    0.2500   16.3507
    0.2600   16.3662
    0.2700   16.3822
    0.2800   16.3988
    0.2900   16.4159
    0.3000   16.4335
    0.3100   16.4515
    0.3200   16.4701
    0.3300   16.4891
    0.3400   16.5086
    0.3500   16.5285
    0.3600   16.5488
    0.3700   16.5696
    0.3800   16.5907
    0.3900   16.6123
    0.4000   16.6342
    0.4100   16.6565
    0.4200   16.6791
    0.4300   16.7020
    0.4400   16.7252
    0.4500   16.7488
    0.4600   16.7711
    0.4700   16.7675
    0.4800   16.7627
    0.4900   16.7566
    0.5000   16.7493
    0.5100   16.7407
    0.5200   16.7311
    0.5300   16.7203
    0.5400   16.7084
    0.5500   16.6956
    0.5600   16.6818
    0.5700   16.6671
    0.5800   16.6516
    0.5900   16.6353
    0.6000   16.6183
    0.6100   16.6007
    0.6200   16.5826
    0.6300   16.5639
    0.6400   16.5449
    0.6500   16.5255
    0.6600   16.5058
    0.6700   16.4859
    0.6800   16.4659
    0.6900   16.4458
    0.7000   16.4257
    0.7100   16.4056
    0.7200   16.3857
    0.7300   16.3659
    0.7400   16.3464
    0.7500   16.3271
    0.7600   16.3082
    0.7700   16.2897
    0.7800   16.2716
    0.7900   16.2540
    0.8000   16.2369
    0.8100   16.2204
    0.8200   16.2045
    0.8300   16.1893
    0.8400   16.1747
    0.8500   16.1609
    0.8600   16.1478
    0.8700   16.1355
    0.8800   16.1240
    0.8900   16.1133
    0.9000   16.1035
    0.9100   16.0945
    0.9200   16.0865
    0.9300   16.0793
    0.9400   16.0731
    0.9500   16.0678
    0.9600   16.0635
    0.9700   16.0601
    0.9800   16.0577
    0.9900   16.0562
    1.0000   16.0558

    0.0000   16.1546
    0.0100   16.1557
    0.0200   16.1590
    0.0300   16.1645
    0.0400   16.1720
    0.0500   16.1816
    0.0600   16.1930
    0.0700   16.2061
    0.0800   16.2209
    0.0900   16.2370
    0.1000   16.2545
    0.1100   16.2730
    0.1200   16.2925
    0.1300   16.3127
    0.1400   16.3335
    0.1500   16.3548
    0.1600   16.3765
    0.1700   16.3983
    0.1800   16.4203
    0.1900   16.4422
    0.2000   16.4639
    0.2100   16.4855
    0.2200   16.5067
    0.2300   16.5276
    0.2400   16.5480
    0.2500   16.5679
    0.2600   16.5872
    0.2700   16.6059
    0.2800   16.6238
    0.2900   16.6410
    0.3000   16.6573
    0.3100   16.6728
    0.3200   16.6874
    0.3300   16.7009
    0.3400   16.7135
    0.3500   16.7250
    0.3600   16.7354
    0.3700   16.7446
    0.3800   16.7526
    0.3900   16.7594
    0.4000   16.7650
    0.4100   16.7692
    0.4200   16.7722
    0.4300   16.7739
    0.4400   16.7743
    0.4500   16.7733
    0.4600   16.7726
    0.4700   16.7966
    0.4800   16.8209
    0.4900   16.8454
    0.5000   16.8700
    0.5100   16.8949
    0.5200   16.9199
    0.5300   16.9450
    0.5400   16.9702
    0.5500   16.9955
    0.5600   17.0208
    0.5700   17.0462
    0.5800   17.0716
    0.5900   17.0969
    0.6000   17.1222
    0.6100   17.1475
    0.6200   17.1726
    0.6300   17.1976
    0.6400   17.2224
    0.6500   17.2470
    0.6600   17.2715
    0.6700   17.2956
    0.6800   17.3195
    0.6900   17.3431
    0.7000   17.3664
    0.7100   17.3892
    0.7200   17.4117
    0.7300   17.4337
    0.7400   17.4553
    0.7500   17.4764
    0.7600   17.4969
    0.7700   17.5169
    0.7800   17.5364
    0.7900   17.5552
    0.8000   17.5733
    0.8100   17.5908
    0.8200   17.6076
    0.8300   17.6236
    0.8400   17.6389
    0.8500   17.6534
    0.8600   17.6671
    0.8700   17.6800
    0.8800   17.6920
    0.8900   17.7031
    0.9000   17.7133
    0.9100   17.7226
    0.9200   17.7310
    0.9300   17.7385
    0.9400   17.7449
    0.9500   17.7504
    0.9600   17.7550
    0.9700   17.7585
    0.9800   17.7610
    0.9900   17.7625
    1.0000   17.7630

    0.0000   18.0198
    0.0100   18.0213
    0.0200   18.0259
    0.0300   18.0335
    0.0400   18.0442
    0.0500   18.0578
    0.0600   18.0744
    0.0700   18.0940
    0.0800   18.1163
    0.0900   18.1415
    0.1000   18.1695
    0.1100   18.2000
    0.1200   18.2332
    0.1300   18.2688
    0.1400   18.3067
    0.1500   18.3469
    0.1600   18.3892
    0.1700   18.4336
    0.1800   18.4798
    0.1900   18.5277
    0.2000   18.5772
    0.2100   18.6283
    0.2200   18.6806
    0.2300   18.7342
    0.2400   18.7889
    0.2500   18.8446
    0.2600   18.9012
    0.2700   18.9586
    0.2800   19.0167
    0.2900   19.0754
    0.3000   19.1346
    0.3100   19.1944
    0.3200   19.2546
    0.3300   19.3152
    0.3400   19.3762
    0.3500   19.4377
    0.3600   19.4995
    0.3700   19.5617
    0.3800   19.6243
    0.3900   19.6873
    0.4000   19.7508
    0.4100   19.8148
    0.4200   19.8794
    0.4300   19.9446
    0.4400   20.0104
    0.4500   20.0769
    0.4600   20.1442
    0.4700   20.2123
    0.4800   20.2813
    0.4900   20.3512
    0.5000   20.4222
    0.5100   20.4942
    0.5200   20.5673
    0.5300   20.6415
    0.5400   20.7170
    0.5500   20.7937
    0.5600   20.8325
    0.5700   20.8064
    0.5800   20.7811
    0.5900   20.7369
    0.6000   20.6766
    0.6100   20.6157
    0.6200   20.5544
    0.6300   20.4927
    0.6400   20.4307
    0.6500   20.3685
    0.6600   20.3061
    0.6700   20.2436
    0.6800   20.1811
    0.6900   20.1186
    0.7000   20.0563
    0.7100   19.9942
    0.7200   19.9324
    0.7300   19.8711
    0.7400   19.8104
    0.7500   19.7502
    0.7600   19.6909
    0.7700   19.6324
    0.7800   19.5749
    0.7900   19.5185
    0.8000   19.4634
    0.8100   19.4097
    0.8200   19.3575
    0.8300   19.3069
    0.8400   19.2582
    0.8500   19.2115
    0.8600   19.1669
    0.8700   19.1245
    0.8800   19.0846
    0.8900   19.0472
    0.9000   19.0124
    0.9100   18.9806
    0.9200   18.9517
    0.9300   18.9258
    0.9400   18.9032
    0.9500   18.8839
    0.9600   18.8679
    0.9700   18.8554
    0.9800   18.8465
    0.9900   18.8411
    1.0000   18.8393

