    0.0000  -90.4341
    0.0066  -90.4340
    0.0133  -90.4340
    0.0199  -90.4340
    0.0265  -90.4340
    0.0332  -90.4340
    0.0398  -90.4340
    0.0464  -90.4340
    0.0531  -90.4340
    0.0597  -90.4340
    0.0663  -90.4340
    0.0730  -90.4340
    0.0796  -90.4339
    0.0863  -90.4339
    0.0929  -90.4339
    0.0995  -90.4339
    0.1062  -90.4338
    0.1128  -90.4338
    0.1194  -90.4338
    0.1261  -90.4338
    0.1327  -90.4337
    0.1393  -90.4337
    0.1460  -90.4337
    0.1526  -90.4336
    0.1592  -90.4336
    0.1659  -90.4336
    0.1725  -90.4335
    0.1791  -90.4335
    0.1858  -90.4335
    0.1924  -90.4334
    0.1990  -90.4334
    0.2057  -90.4333
    0.2123  -90.4333
    0.2189  -90.4332
    0.2256  -90.4332
    0.2322  -90.4332
    0.2389  -90.4331
    0.2455  -90.4331
    0.2521  -90.4330
    0.2588  -90.4330
    0.2654  -90.4329
    0.2720  -90.4329
    0.2787  -90.4328
    0.2853  -90.4328
    0.2919  -90.4327
    0.2986  -90.4327
    0.3052  -90.4326
    0.3118  -90.4326
    0.3185  -90.4325
    0.3251  -90.4325
    0.3317  -90.4324
    0.3384  -90.4324
    0.3450  -90.4323
    0.3516  -90.4323
    0.3583  -90.4322
    0.3649  -90.4322
    0.3715  -90.4321
    0.3782  -90.4321
    0.3848  -90.4320
    0.3915  -90.4320
    0.3981  -90.4319
    0.4047  -90.4319
    0.4114  -90.4318
    0.4180  -90.4318
    0.4246  -90.4317
    0.4313  -90.4317
    0.4379  -90.4316
    0.4445  -90.4316
    0.4512  -90.4315
    0.4578  -90.4315
    0.4644  -90.4315
    0.4711  -90.4314
    0.4777  -90.4314
    0.4843  -90.4313
    0.4910  -90.4313
    0.4976  -90.4313
    0.5042  -90.4312
    0.5109  -90.4312
    0.5175  -90.4312
    0.5241  -90.4311
    0.5308  -90.4311
    0.5374  -90.4311
    0.5441  -90.4310
    0.5507  -90.4310
    0.5573  -90.4310
    0.5640  -90.4310
    0.5706  -90.4309
    0.5772  -90.4309
    0.5839  -90.4309
    0.5905  -90.4309
    0.5971  -90.4309
    0.6038  -90.4308
    0.6104  -90.4308
    0.6170  -90.4308
    0.6237  -90.4308
    0.6303  -90.4308
    0.6369  -90.4308
    0.6436  -90.4308
    0.6502  -90.4308
    0.6568  -90.4308
    0.6635  -90.4308
 
    0.0000  -44.6220
    0.0066  -44.6220
    0.0133  -44.6221
    0.0199  -44.6222
    0.0265  -44.6224
    0.0332  -44.6226
    0.0398  -44.6229
    0.0464  -44.6232
    0.0531  -44.6235
    0.0597  -44.6240
    0.0663  -44.6244
    0.0730  -44.6249
    0.0796  -44.6255
    0.0863  -44.6261
    0.0929  -44.6267
    0.0995  -44.6274
    0.1062  -44.6282
    0.1128  -44.6289
    0.1194  -44.6297
    0.1261  -44.6306
    0.1327  -44.6315
    0.1393  -44.6325
    0.1460  -44.6334
    0.1526  -44.6345
    0.1592  -44.6355
    0.1659  -44.6366
    0.1725  -44.6377
    0.1791  -44.6389
    0.1858  -44.6401
    0.1924  -44.6413
    0.1990  -44.6425
    0.2057  -44.6438
    0.2123  -44.6451
    0.2189  -44.6465
    0.2256  -44.6478
    0.2322  -44.6492
    0.2389  -44.6506
    0.2455  -44.6520
    0.2521  -44.6535
    0.2588  -44.6549
    0.2654  -44.6564
    0.2720  -44.6579
    0.2787  -44.6594
    0.2853  -44.6609
    0.2919  -44.6625
    0.2986  -44.6640
    0.3052  -44.6655
    0.3118  -44.6671
    0.3185  -44.6686
    0.3251  -44.6702
    0.3317  -44.6717
    0.3384  -44.6733
    0.3450  -44.6749
    0.3516  -44.6764
    0.3583  -44.6780
    0.3649  -44.6795
    0.3715  -44.6810
    0.3782  -44.6826
    0.3848  -44.6841
    0.3915  -44.6856
    0.3981  -44.6870
    0.4047  -44.6885
    0.4114  -44.6900
    0.4180  -44.6914
    0.4246  -44.6928
    0.4313  -44.6942
    0.4379  -44.6956
    0.4445  -44.6969
    0.4512  -44.6983
    0.4578  -44.6996
    0.4644  -44.7008
    0.4711  -44.7021
    0.4777  -44.7033
    0.4843  -44.7044
    0.4910  -44.7056
    0.4976  -44.7067
    0.5042  -44.7078
    0.5109  -44.7088
    0.5175  -44.7098
    0.5241  -44.7108
    0.5308  -44.7117
    0.5374  -44.7126
    0.5441  -44.7135
    0.5507  -44.7143
    0.5573  -44.7150
    0.5640  -44.7158
    0.5706  -44.7164
    0.5772  -44.7171
    0.5839  -44.7177
    0.5905  -44.7182
    0.5971  -44.7187
    0.6038  -44.7192
    0.6104  -44.7196
    0.6170  -44.7199
    0.6237  -44.7203
    0.6303  -44.7205
    0.6369  -44.7207
    0.6436  -44.7209
    0.6502  -44.7210
    0.6568  -44.7211
    0.6635  -44.7211
 
    0.0000  -44.6220
    0.0066  -44.6220
    0.0133  -44.6220
    0.0199  -44.6220
    0.0265  -44.6221
    0.0332  -44.6221
    0.0398  -44.6222
    0.0464  -44.6223
    0.0531  -44.6224
    0.0597  -44.6224
    0.0663  -44.6226
    0.0730  -44.6227
    0.0796  -44.6228
    0.0863  -44.6230
    0.0929  -44.6231
    0.0995  -44.6233
    0.1062  -44.6234
    0.1128  -44.6236
    0.1194  -44.6238
    0.1261  -44.6240
    0.1327  -44.6242
    0.1393  -44.6245
    0.1460  -44.6247
    0.1526  -44.6249
    0.1592  -44.6252
    0.1659  -44.6254
    0.1725  -44.6257
    0.1791  -44.6260
    0.1858  -44.6263
    0.1924  -44.6266
    0.1990  -44.6269
    0.2057  -44.6272
    0.2123  -44.6275
    0.2189  -44.6278
    0.2256  -44.6281
    0.2322  -44.6284
    0.2389  -44.6288
    0.2455  -44.6291
    0.2521  -44.6295
    0.2588  -44.6298
    0.2654  -44.6302
    0.2720  -44.6305
    0.2787  -44.6309
    0.2853  -44.6312
    0.2919  -44.6316
    0.2986  -44.6320
    0.3052  -44.6323
    0.3118  -44.6327
    0.3185  -44.6331
    0.3251  -44.6334
    0.3317  -44.6338
    0.3384  -44.6342
    0.3450  -44.6346
    0.3516  -44.6349
    0.3583  -44.6353
    0.3649  -44.6357
    0.3715  -44.6360
    0.3782  -44.6364
    0.3848  -44.6368
    0.3915  -44.6371
    0.3981  -44.6375
    0.4047  -44.6378
    0.4114  -44.6382
    0.4180  -44.6385
    0.4246  -44.6388
    0.4313  -44.6392
    0.4379  -44.6395
    0.4445  -44.6398
    0.4512  -44.6401
    0.4578  -44.6405
    0.4644  -44.6408
    0.4711  -44.6411
    0.4777  -44.6413
    0.4843  -44.6416
    0.4910  -44.6419
    0.4976  -44.6422
    0.5042  -44.6424
    0.5109  -44.6427
    0.5175  -44.6429
    0.5241  -44.6432
    0.5308  -44.6434
    0.5374  -44.6436
    0.5441  -44.6438
    0.5507  -44.6440
    0.5573  -44.6442
    0.5640  -44.6443
    0.5706  -44.6445
    0.5772  -44.6447
    0.5839  -44.6448
    0.5905  -44.6449
    0.5971  -44.6450
    0.6038  -44.6452
    0.6104  -44.6453
    0.6170  -44.6453
    0.6237  -44.6454
    0.6303  -44.6455
    0.6369  -44.6455
    0.6436  -44.6456
    0.6502  -44.6456
    0.6568  -44.6456
    0.6635  -44.6456
 
    0.0000  -44.2295
    0.0066  -44.2295
    0.0133  -44.2295
    0.0199  -44.2295
    0.0265  -44.2295
    0.0332  -44.2294
    0.0398  -44.2294
    0.0464  -44.2294
    0.0531  -44.2293
    0.0597  -44.2293
    0.0663  -44.2292
    0.0730  -44.2291
    0.0796  -44.2290
    0.0863  -44.2290
    0.0929  -44.2289
    0.0995  -44.2288
    0.1062  -44.2287
    0.1128  -44.2285
    0.1194  -44.2284
    0.1261  -44.2283
    0.1327  -44.2282
    0.1393  -44.2280
    0.1460  -44.2279
    0.1526  -44.2278
    0.1592  -44.2276
    0.1659  -44.2275
    0.1725  -44.2273
    0.1791  -44.2271
    0.1858  -44.2270
    0.1924  -44.2268
    0.1990  -44.2266
    0.2057  -44.2264
    0.2123  -44.2262
    0.2189  -44.2261
    0.2256  -44.2259
    0.2322  -44.2257
    0.2389  -44.2255
    0.2455  -44.2253
    0.2521  -44.2251
    0.2588  -44.2248
    0.2654  -44.2246
    0.2720  -44.2244
    0.2787  -44.2242
    0.2853  -44.2240
    0.2919  -44.2238
    0.2986  -44.2236
    0.3052  -44.2233
    0.3118  -44.2231
    0.3185  -44.2229
    0.3251  -44.2227
    0.3317  -44.2224
    0.3384  -44.2222
    0.3450  -44.2220
    0.3516  -44.2218
    0.3583  -44.2216
    0.3649  -44.2213
    0.3715  -44.2211
    0.3782  -44.2209
    0.3848  -44.2207
    0.3915  -44.2205
    0.3981  -44.2203
    0.4047  -44.2200
    0.4114  -44.2198
    0.4180  -44.2196
    0.4246  -44.2194
    0.4313  -44.2192
    0.4379  -44.2190
    0.4445  -44.2188
    0.4512  -44.2186
    0.4578  -44.2185
    0.4644  -44.2183
    0.4711  -44.2181
    0.4777  -44.2179
    0.4843  -44.2178
    0.4910  -44.2176
    0.4976  -44.2174
    0.5042  -44.2173
    0.5109  -44.2171
    0.5175  -44.2170
    0.5241  -44.2168
    0.5308  -44.2167
    0.5374  -44.2166
    0.5441  -44.2165
    0.5507  -44.2163
    0.5573  -44.2162
    0.5640  -44.2161
    0.5706  -44.2160
    0.5772  -44.2159
    0.5839  -44.2158
    0.5905  -44.2158
    0.5971  -44.2157
    0.6038  -44.2156
    0.6104  -44.2156
    0.6170  -44.2155
    0.6237  -44.2155
    0.6303  -44.2154
    0.6369  -44.2154
    0.6436  -44.2154
    0.6502  -44.2154
    0.6568  -44.2153
    0.6635  -44.2153
 
    0.0000  -10.8985
    0.0066  -10.8982
    0.0133  -10.8973
    0.0199  -10.8957
    0.0265  -10.8936
    0.0332  -10.8908
    0.0398  -10.8875
    0.0464  -10.8835
    0.0531  -10.8790
    0.0597  -10.8738
    0.0663  -10.8680
    0.0730  -10.8617
    0.0796  -10.8547
    0.0863  -10.8472
    0.0929  -10.8391
    0.0995  -10.8305
    0.1062  -10.8212
    0.1128  -10.8115
    0.1194  -10.8011
    0.1261  -10.7903
    0.1327  -10.7789
    0.1393  -10.7670
    0.1460  -10.7545
    0.1526  -10.7416
    0.1592  -10.7282
    0.1659  -10.7143
    0.1725  -10.6999
    0.1791  -10.6851
    0.1858  -10.6698
    0.1924  -10.6541
    0.1990  -10.6380
    0.2057  -10.6214
    0.2123  -10.6045
    0.2189  -10.5872
    0.2256  -10.5696
    0.2322  -10.5516
    0.2389  -10.5333
    0.2455  -10.5147
    0.2521  -10.4958
    0.2588  -10.4766
    0.2654  -10.4572
    0.2720  -10.4375
    0.2787  -10.4177
    0.2853  -10.3976
    0.2919  -10.3774
    0.2986  -10.3571
    0.3052  -10.3366
    0.3118  -10.3161
    0.3185  -10.2955
    0.3251  -10.2748
    0.3317  -10.2542
    0.3384  -10.2336
    0.3450  -10.2130
    0.3516  -10.1925
    0.3583  -10.1722
    0.3649  -10.1519
    0.3715  -10.1319
    0.3782  -10.1121
    0.3848  -10.0926
    0.3915  -10.0734
    0.3981  -10.0545
    0.4047  -10.0360
    0.4114  -10.0180
    0.4180  -10.0004
    0.4246   -9.9834
    0.4313   -9.9669
    0.4379   -9.9511
    0.4445   -9.9359
    0.4512   -9.9214
    0.4578   -9.9077
    0.4644   -9.8947
    0.4711   -9.8826
    0.4777   -9.8714
    0.4843   -9.8610
    0.4910   -9.8514
    0.4976   -9.8428
    0.5042   -9.8350
    0.5109   -9.8280
    0.5175   -9.8219
    0.5241   -9.8165
    0.5308   -9.8118
    0.5374   -9.8078
    0.5441   -9.8045
    0.5507   -9.8017
    0.5573   -9.7994
    0.5640   -9.7975
    0.5706   -9.7961
    0.5772   -9.7949
    0.5839   -9.7941
    0.5905   -9.7934
    0.5971   -9.7930
    0.6038   -9.7927
    0.6104   -9.7926
    0.6170   -9.7925
    0.6237   -9.7925
    0.6303   -9.7925
    0.6369   -9.7926
    0.6436   -9.7926
    0.6502   -9.7927
    0.6568   -9.7927
    0.6635   -9.7927
 
    0.0000   -8.7672
    0.0066   -8.7674
    0.0133   -8.7681
    0.0199   -8.7693
    0.0265   -8.7709
    0.0332   -8.7729
    0.0398   -8.7755
    0.0464   -8.7784
    0.0531   -8.7819
    0.0597   -8.7857
    0.0663   -8.7900
    0.0730   -8.7947
    0.0796   -8.7999
    0.0863   -8.8054
    0.0929   -8.8114
    0.0995   -8.8177
    0.1062   -8.8245
    0.1128   -8.8316
    0.1194   -8.8391
    0.1261   -8.8469
    0.1327   -8.8551
    0.1393   -8.8636
    0.1460   -8.8724
    0.1526   -8.8816
    0.1592   -8.8910
    0.1659   -8.9007
    0.1725   -8.9107
    0.1791   -8.9209
    0.1858   -8.9314
    0.1924   -8.9421
    0.1990   -8.9530
    0.2057   -8.9641
    0.2123   -8.9754
    0.2189   -8.9868
    0.2256   -8.9984
    0.2322   -9.0101
    0.2389   -9.0219
    0.2455   -9.0338
    0.2521   -9.0458
    0.2588   -9.0579
    0.2654   -9.0700
    0.2720   -9.0821
    0.2787   -9.0943
    0.2853   -9.1064
    0.2919   -9.1185
    0.2986   -9.1306
    0.3052   -9.1426
    0.3118   -9.1545
    0.3185   -9.1663
    0.3251   -9.1780
    0.3317   -9.1895
    0.3384   -9.2009
    0.3450   -9.2121
    0.3516   -9.2231
    0.3583   -9.2338
    0.3649   -9.2443
    0.3715   -9.2545
    0.3782   -9.2644
    0.3848   -9.2739
    0.3915   -9.2831
    0.3981   -9.2919
    0.4047   -9.3002
    0.4114   -9.3081
    0.4180   -9.3155
    0.4246   -9.3224
    0.4313   -9.3288
    0.4379   -9.3346
    0.4445   -9.3397
    0.4512   -9.3442
    0.4578   -9.3481
    0.4644   -9.3512
    0.4711   -9.3537
    0.4777   -9.3554
    0.4843   -9.3564
    0.4910   -9.3567
    0.4976   -9.3563
    0.5042   -9.3553
    0.5109   -9.3536
    0.5175   -9.3514
    0.5241   -9.3486
    0.5308   -9.3453
    0.5374   -9.3417
    0.5441   -9.3377
    0.5507   -9.3335
    0.5573   -9.3291
    0.5640   -9.3246
    0.5706   -9.3200
    0.5772   -9.3155
    0.5839   -9.3110
    0.5905   -9.3067
    0.5971   -9.3026
    0.6038   -9.2988
    0.6104   -9.2952
    0.6170   -9.2920
    0.6237   -9.2891
    0.6303   -9.2866
    0.6369   -9.2846
    0.6436   -9.2830
    0.6502   -9.2818
    0.6568   -9.2811
    0.6635   -9.2809
 
    0.0000    1.4178
    0.0066    1.4181
    0.0133    1.4191
    0.0199    1.4207
    0.0265    1.4230
    0.0332    1.4259
    0.0398    1.4295
    0.0464    1.4336
    0.0531    1.4385
    0.0597    1.4439
    0.0663    1.4500
    0.0730    1.4567
    0.0796    1.4640
    0.0863    1.4719
    0.0929    1.4805
    0.0995    1.4896
    0.1062    1.4993
    0.1128    1.5096
    0.1194    1.5205
    0.1261    1.5319
    0.1327    1.5439
    0.1393    1.5564
    0.1460    1.5695
    0.1526    1.5831
    0.1592    1.5972
    0.1659    1.6117
    0.1725    1.6268
    0.1791    1.6423
    0.1858    1.6583
    0.1924    1.6746
    0.1990    1.6914
    0.2057    1.7086
    0.2123    1.7262
    0.2189    1.7441
    0.2256    1.7624
    0.2322    1.7809
    0.2389    1.7998
    0.2455    1.8189
    0.2521    1.8382
    0.2588    1.8578
    0.2654    1.8776
    0.2720    1.8962
    0.2787    1.9138
    0.2853    1.9309
    0.2919    1.9476
    0.2986    1.9636
    0.3052    1.9790
    0.3118    1.9934
    0.3185    2.0067
    0.3251    2.0187
    0.3317    2.0293
    0.3384    2.0381
    0.3450    2.0450
    0.3516    2.0498
    0.3583    2.0523
    0.3649    2.0522
    0.3715    2.0494
    0.3782    2.0440
    0.3848    2.0357
    0.3915    2.0248
    0.3981    2.0112
    0.4047    1.9952
    0.4114    1.9770
    0.4180    1.9567
    0.4246    1.9347
    0.4313    1.9112
    0.4379    1.8864
    0.4445    1.8606
    0.4512    1.8340
    0.4578    1.8068
    0.4644    1.7792
    0.4711    1.7514
    0.4777    1.7235
    0.4843    1.6958
    0.4910    1.6682
    0.4976    1.6410
    0.5042    1.6143
    0.5109    1.5880
    0.5175    1.5624
    0.5241    1.5375
    0.5308    1.5134
    0.5374    1.4901
    0.5441    1.4677
    0.5507    1.4462
    0.5573    1.4258
    0.5640    1.4063
    0.5706    1.3880
    0.5772    1.3708
    0.5839    1.3547
    0.5905    1.3398
    0.5971    1.3261
    0.6038    1.3137
    0.6104    1.3025
    0.6170    1.2926
    0.6237    1.2839
    0.6303    1.2766
    0.6369    1.2706
    0.6436    1.2659
    0.6502    1.2625
    0.6568    1.2605
    0.6635    1.2599
 
    0.0000    1.4178
    0.0066    1.4182
    0.0133    1.4192
    0.0199    1.4210
    0.0265    1.4234
    0.0332    1.4265
    0.0398    1.4303
    0.0464    1.4348
    0.0531    1.4399
    0.0597    1.4457
    0.0663    1.4522
    0.0730    1.4593
    0.0796    1.4671
    0.0863    1.4754
    0.0929    1.4844
    0.0995    1.4940
    0.1062    1.5042
    0.1128    1.5150
    0.1194    1.5263
    0.1261    1.5382
    0.1327    1.5507
    0.1393    1.5636
    0.1460    1.5771
    0.1526    1.5910
    0.1592    1.6054
    0.1659    1.6202
    0.1725    1.6355
    0.1791    1.6512
    0.1858    1.6672
    0.1924    1.6836
    0.1990    1.7004
    0.2057    1.7174
    0.2123    1.7348
    0.2189    1.7523
    0.2256    1.7701
    0.2322    1.7880
    0.2389    1.8061
    0.2455    1.8242
    0.2521    1.8423
    0.2588    1.8604
    0.2654    1.8784
    0.2720    1.8975
    0.2787    1.9175
    0.2853    1.9376
    0.2919    1.9579
    0.2986    1.9781
    0.3052    1.9984
    0.3118    2.0186
    0.3185    2.0388
    0.3251    2.0589
    0.3317    2.0789
    0.3384    2.0987
    0.3450    2.1183
    0.3516    2.1377
    0.3583    2.1569
    0.3649    2.1757
    0.3715    2.1942
    0.3782    2.2124
    0.3848    2.2302
    0.3915    2.2476
    0.3981    2.2646
    0.4047    2.2811
    0.4114    2.2971
    0.4180    2.3126
    0.4246    2.3275
    0.4313    2.3420
    0.4379    2.3558
    0.4445    2.3691
    0.4512    2.3819
    0.4578    2.3940
    0.4644    2.4056
    0.4711    2.4166
    0.4777    2.4270
    0.4843    2.4368
    0.4910    2.4461
    0.4976    2.4548
    0.5042    2.4630
    0.5109    2.4706
    0.5175    2.4778
    0.5241    2.4844
    0.5308    2.4906
    0.5374    2.4963
    0.5441    2.5015
    0.5507    2.5063
    0.5573    2.5108
    0.5640    2.5148
    0.5706    2.5185
    0.5772    2.5219
    0.5839    2.5249
    0.5905    2.5276
    0.5971    2.5300
    0.6038    2.5321
    0.6104    2.5340
    0.6170    2.5356
    0.6237    2.5370
    0.6303    2.5382
    0.6369    2.5391
    0.6436    2.5398
    0.6502    2.5403
    0.6568    2.5406
    0.6635    2.5407
 
    0.0000    2.4604
    0.0066    2.4608
    0.0133    2.4621
    0.0199    2.4642
    0.0265    2.4671
    0.0332    2.4709
    0.0398    2.4755
    0.0464    2.4809
    0.0531    2.4872
    0.0597    2.4943
    0.0663    2.5021
    0.0730    2.5108
    0.0796    2.5203
    0.0863    2.5305
    0.0929    2.5416
    0.0995    2.5533
    0.1062    2.5658
    0.1128    2.5790
    0.1194    2.5929
    0.1261    2.6075
    0.1327    2.6228
    0.1393    2.6386
    0.1460    2.6550
    0.1526    2.6720
    0.1592    2.6895
    0.1659    2.7075
    0.1725    2.7258
    0.1791    2.7446
    0.1858    2.7636
    0.1924    2.7828
    0.1990    2.8022
    0.2057    2.8217
    0.2123    2.8410
    0.2189    2.8603
    0.2256    2.8792
    0.2322    2.8977
    0.2389    2.9157
    0.2455    2.9329
    0.2521    2.9492
    0.2588    2.9643
    0.2654    2.9781
    0.2720    2.9904
    0.2787    3.0010
    0.2853    3.0098
    0.2919    3.0165
    0.2986    3.0211
    0.3052    3.0236
    0.3118    3.0241
    0.3185    3.0228
    0.3251    3.0200
    0.3317    3.0159
    0.3384    3.0110
    0.3450    3.0059
    0.3516    3.0009
    0.3583    2.9967
    0.3649    2.9936
    0.3715    2.9921
    0.3782    2.9925
    0.3848    2.9951
    0.3915    3.0001
    0.3981    3.0076
    0.4047    3.0176
    0.4114    3.0300
    0.4180    3.0448
    0.4246    3.0619
    0.4313    3.0810
    0.4379    3.1021
    0.4445    3.1249
    0.4512    3.1495
    0.4578    3.1755
    0.4644    3.2028
    0.4711    3.2314
    0.4777    3.2612
    0.4843    3.2919
    0.4910    3.3236
    0.4976    3.3561
    0.5042    3.3894
    0.5109    3.4233
    0.5175    3.4579
    0.5241    3.4930
    0.5308    3.5285
    0.5374    3.5645
    0.5441    3.6008
    0.5507    3.6374
    0.5573    3.6741
    0.5640    3.7111
    0.5706    3.7480
    0.5772    3.7850
    0.5839    3.8218
    0.5905    3.8584
    0.5971    3.8947
    0.6038    3.9305
    0.6104    3.9655
    0.6170    3.9996
    0.6237    4.0324
    0.6303    4.0634
    0.6369    4.0919
    0.6436    4.1169
    0.6502    4.1369
    0.6568    4.1501
    0.6635    4.1547
 
    0.0000    6.1617
    0.0066    6.1560
    0.0133    6.1399
    0.0199    6.1154
    0.0265    6.0849
    0.0332    6.0498
    0.0398    6.0112
    0.0464    5.9698
    0.0531    5.9262
    0.0597    5.8807
    0.0663    5.8336
    0.0730    5.7850
    0.0796    5.7351
    0.0863    5.6841
    0.0929    5.6321
    0.0995    5.5792
    0.1062    5.5255
    0.1128    5.4711
    0.1194    5.4162
    0.1261    5.3607
    0.1327    5.3048
    0.1393    5.2486
    0.1460    5.1923
    0.1526    5.1358
    0.1592    5.0792
    0.1659    5.0228
    0.1725    4.9666
    0.1791    4.9106
    0.1858    4.8551
    0.1924    4.8001
    0.1990    4.7458
    0.2057    4.6923
    0.2123    4.6398
    0.2189    4.5884
    0.2256    4.5383
    0.2322    4.4896
    0.2389    4.4428
    0.2455    4.3978
    0.2521    4.3550
    0.2588    4.3147
    0.2654    4.2771
    0.2720    4.2425
    0.2787    4.2111
    0.2853    4.1834
    0.2919    4.1594
    0.2986    4.1394
    0.3052    4.1235
    0.3118    4.1119
    0.3185    4.1044
    0.3251    4.1010
    0.3317    4.1016
    0.3384    4.1059
    0.3450    4.1136
    0.3516    4.1244
    0.3583    4.1381
    0.3649    4.1542
    0.3715    4.1725
    0.3782    4.1927
    0.3848    4.2145
    0.3915    4.2376
    0.3981    4.2618
    0.4047    4.2868
    0.4114    4.3125
    0.4180    4.3385
    0.4246    4.3648
    0.4313    4.3910
    0.4379    4.4172
    0.4445    4.4429
    0.4512    4.4682
    0.4578    4.4927
    0.4644    4.5164
    0.4711    4.5391
    0.4777    4.5605
    0.4843    4.5805
    0.4910    4.5990
    0.4976    4.6157
    0.5042    4.6306
    0.5109    4.6435
    0.5175    4.6542
    0.5241    4.6626
    0.5308    4.6687
    0.5374    4.6724
    0.5441    4.6735
    0.5507    4.6722
    0.5573    4.6684
    0.5640    4.6622
    0.5706    4.6536
    0.5772    4.6427
    0.5839    4.6296
    0.5905    4.6146
    0.5971    4.5977
    0.6038    4.5792
    0.6104    4.5594
    0.6170    4.5386
    0.6237    4.5171
    0.6303    4.4956
    0.6369    4.4748
    0.6436    4.4558
    0.6502    4.4400
    0.6568    4.4293
    0.6635    4.4255
 
    0.0000    6.1617
    0.0066    6.1566
    0.0133    6.1424
    0.0199    6.1214
    0.0265    6.0958
    0.0332    6.0672
    0.0398    6.0367
    0.0464    6.0048
    0.0531    5.9721
    0.0597    5.9388
    0.0663    5.9052
    0.0730    5.8714
    0.0796    5.8374
    0.0863    5.8034
    0.0929    5.7695
    0.0995    5.7356
    0.1062    5.7019
    0.1128    5.6684
    0.1194    5.6351
    0.1261    5.6020
    0.1327    5.5692
    0.1393    5.5367
    0.1460    5.5045
    0.1526    5.4727
    0.1592    5.4413
    0.1659    5.4103
    0.1725    5.3797
    0.1791    5.3496
    0.1858    5.3199
    0.1924    5.2908
    0.1990    5.2622
    0.2057    5.2341
    0.2123    5.2066
    0.2189    5.1797
    0.2256    5.1534
    0.2322    5.1278
    0.2389    5.1028
    0.2455    5.0785
    0.2521    5.0549
    0.2588    5.0321
    0.2654    5.0100
    0.2720    4.9888
    0.2787    4.9683
    0.2853    4.9487
    0.2919    4.9300
    0.2986    4.9121
    0.3052    4.8952
    0.3118    4.8792
    0.3185    4.8641
    0.3251    4.8501
    0.3317    4.8371
    0.3384    4.8252
    0.3450    4.8143
    0.3516    4.8044
    0.3583    4.7958
    0.3649    4.7882
    0.3715    4.7818
    0.3782    4.7765
    0.3848    4.7724
    0.3915    4.7695
    0.3981    4.7678
    0.4047    4.7673
    0.4114    4.7680
    0.4180    4.7699
    0.4246    4.7730
    0.4313    4.7773
    0.4379    4.7827
    0.4445    4.7893
    0.4512    4.7970
    0.4578    4.8058
    0.4644    4.8157
    0.4711    4.8265
    0.4777    4.8384
    0.4843    4.8512
    0.4910    4.8648
    0.4976    4.8793
    0.5042    4.8945
    0.5109    4.9103
    0.5175    4.9267
    0.5241    4.9437
    0.5308    4.9610
    0.5374    4.9787
    0.5441    4.9966
    0.5507    5.0145
    0.5573    5.0325
    0.5640    5.0504
    0.5706    5.0680
    0.5772    5.0852
    0.5839    5.1019
    0.5905    5.1179
    0.5971    5.1332
    0.6038    5.1475
    0.6104    5.1608
    0.6170    5.1729
    0.6237    5.1837
    0.6303    5.1931
    0.6369    5.2009
    0.6436    5.2071
    0.6502    5.2115
    0.6568    5.2142
    0.6635    5.2151
 
    0.0000    6.4201
    0.0066    6.4239
    0.0133    6.4343
    0.0199    6.4493
    0.0265    6.4665
    0.0332    6.4846
    0.0398    6.5024
    0.0464    6.5193
    0.0531    6.5348
    0.0597    6.5488
    0.0663    6.5611
    0.0730    6.5717
    0.0796    6.5807
    0.0863    6.5880
    0.0929    6.5940
    0.0995    6.5986
    0.1062    6.6020
    0.1128    6.6043
    0.1194    6.6057
    0.1261    6.6063
    0.1327    6.6061
    0.1393    6.6053
    0.1460    6.6040
    0.1526    6.6021
    0.1592    6.5999
    0.1659    6.5972
    0.1725    6.5943
    0.1791    6.5911
    0.1858    6.5876
    0.1924    6.5840
    0.1990    6.5801
    0.2057    6.5761
    0.2123    6.5720
    0.2189    6.5677
    0.2256    6.5633
    0.2322    6.5588
    0.2389    6.5542
    0.2455    6.5495
    0.2521    6.5447
    0.2588    6.5398
    0.2654    6.5348
    0.2720    6.5297
    0.2787    6.5245
    0.2853    6.5192
    0.2919    6.5138
    0.2986    6.5083
    0.3052    6.5026
    0.3118    6.4969
    0.3185    6.4909
    0.3251    6.4848
    0.3317    6.4786
    0.3384    6.4722
    0.3450    6.4656
    0.3516    6.4588
    0.3583    6.4519
    0.3649    6.4448
    0.3715    6.4375
    0.3782    6.4300
    0.3848    6.4223
    0.3915    6.4145
    0.3981    6.4066
    0.4047    6.3985
    0.4114    6.3904
    0.4180    6.3822
    0.4246    6.3741
    0.4313    6.3659
    0.4379    6.3579
    0.4445    6.3501
    0.4512    6.3425
    0.4578    6.3353
    0.4644    6.3286
    0.4711    6.3224
    0.4777    6.3169
    0.4843    6.3122
    0.4910    6.3085
    0.4976    6.3058
    0.5042    6.3043
    0.5109    6.3041
    0.5175    6.3054
    0.5241    6.3082
    0.5308    6.3127
    0.5374    6.3189
    0.5441    6.3269
    0.5507    6.3366
    0.5573    6.3482
    0.5640    6.3615
    0.5706    6.3766
    0.5772    6.3933
    0.5839    6.4116
    0.5905    6.4313
    0.5971    6.4523
    0.6038    6.4743
    0.6104    6.4972
    0.6170    6.5207
    0.6237    6.5444
    0.6303    6.5678
    0.6369    6.5902
    0.6436    6.6105
    0.6502    6.6273
    0.6568    6.6386
    0.6635    6.6427
 
    0.0000    6.4201
    0.0066    6.4251
    0.0133    6.4392
    0.0199    6.4600
    0.0265    6.4854
    0.0332    6.5137
    0.0398    6.5438
    0.0464    6.5752
    0.0531    6.6073
    0.0597    6.6399
    0.0663    6.6727
    0.0730    6.7057
    0.0796    6.7387
    0.0863    6.7716
    0.0929    6.8044
    0.0995    6.8369
    0.1062    6.8692
    0.1128    6.9012
    0.1194    6.9328
    0.1261    6.9640
    0.1327    6.9947
    0.1393    7.0250
    0.1460    7.0548
    0.1526    7.0840
    0.1592    7.1127
    0.1659    7.1407
    0.1725    7.1681
    0.1791    7.1949
    0.1858    7.2209
    0.1924    7.2461
    0.1990    7.2706
    0.2057    7.2943
    0.2123    7.3171
    0.2189    7.3391
    0.2256    7.3602
    0.2322    7.3803
    0.2389    7.3995
    0.2455    7.4178
    0.2521    7.4350
    0.2588    7.4511
    0.2654    7.4662
    0.2720    7.4769
    0.2787    7.4865
    0.2853    7.4956
    0.2919    7.5042
    0.2986    7.5123
    0.3052    7.5199
    0.3118    7.5269
    0.3185    7.5335
    0.3251    7.5396
    0.3317    7.5452
    0.3384    7.5502
    0.3450    7.5548
    0.3516    7.5571
    0.3583    7.5556
    0.3649    7.5528
    0.3715    7.5488
    0.3782    7.5436
    0.3848    7.5373
    0.3915    7.5297
    0.3981    7.5209
    0.4047    7.5111
    0.4114    7.5001
    0.4180    7.4880
    0.4246    7.4749
    0.4313    7.4607
    0.4379    7.4456
    0.4445    7.4295
    0.4512    7.4126
    0.4578    7.3948
    0.4644    7.3762
    0.4711    7.3568
    0.4777    7.3368
    0.4843    7.3162
    0.4910    7.2949
    0.4976    7.2732
    0.5042    7.2511
    0.5109    7.2287
    0.5175    7.2059
    0.5241    7.1831
    0.5308    7.1601
    0.5374    7.1371
    0.5441    7.1142
    0.5507    7.0915
    0.5573    7.0692
    0.5640    7.0473
    0.5706    7.0259
    0.5772    7.0052
    0.5839    6.9853
    0.5905    6.9663
    0.5971    6.9484
    0.6038    6.9316
    0.6104    6.9162
    0.6170    6.9023
    0.6237    6.8899
    0.6303    6.8792
    0.6369    6.8703
    0.6436    6.8633
    0.6502    6.8582
    0.6568    6.8551
    0.6635    6.8541
 
    0.0000    6.9576
    0.0066    6.9582
    0.0133    6.9601
    0.0199    6.9632
    0.0265    6.9676
    0.0332    6.9734
    0.0398    6.9804
    0.0464    6.9887
    0.0531    6.9984
    0.0597    7.0093
    0.0663    7.0213
    0.0730    7.0345
    0.0796    7.0486
    0.0863    7.0635
    0.0929    7.0791
    0.0995    7.0953
    0.1062    7.1119
    0.1128    7.1288
    0.1194    7.1459
    0.1261    7.1632
    0.1327    7.1804
    0.1393    7.1976
    0.1460    7.2146
    0.1526    7.2315
    0.1592    7.2482
    0.1659    7.2646
    0.1725    7.2807
    0.1791    7.2965
    0.1858    7.3120
    0.1924    7.3272
    0.1990    7.3419
    0.2057    7.3563
    0.2123    7.3703
    0.2189    7.3839
    0.2256    7.3971
    0.2322    7.4098
    0.2389    7.4221
    0.2455    7.4340
    0.2521    7.4454
    0.2588    7.4564
    0.2654    7.4669
    0.2720    7.4802
    0.2787    7.4932
    0.2853    7.5049
    0.2919    7.5156
    0.2986    7.5250
    0.3052    7.5333
    0.3118    7.5404
    0.3185    7.5462
    0.3251    7.5509
    0.3317    7.5543
    0.3384    7.5565
    0.3450    7.5574
    0.3516    7.5588
    0.3583    7.5623
    0.3649    7.5653
    0.3715    7.5678
    0.3782    7.5697
    0.3848    7.5712
    0.3915    7.5721
    0.3981    7.5725
    0.4047    7.5725
    0.4114    7.5719
    0.4180    7.5708
    0.4246    7.5692
    0.4313    7.5670
    0.4379    7.5644
    0.4445    7.5611
    0.4512    7.5573
    0.4578    7.5528
    0.4644    7.5477
    0.4711    7.5417
    0.4777    7.5349
    0.4843    7.5270
    0.4910    7.5180
    0.4976    7.5075
    0.5042    7.4954
    0.5109    7.4815
    0.5175    7.4655
    0.5241    7.4473
    0.5308    7.4267
    0.5374    7.4040
    0.5441    7.3793
    0.5507    7.3527
    0.5573    7.3246
    0.5640    7.2952
    0.5706    7.2648
    0.5772    7.2337
    0.5839    7.2020
    0.5905    7.1700
    0.5971    7.1379
    0.6038    7.1058
    0.6104    7.0740
    0.6170    7.0427
    0.6237    7.0124
    0.6303    6.9835
    0.6369    6.9566
    0.6436    6.9328
    0.6502    6.9136
    0.6568    6.9008
    0.6635    6.8962
 
    0.0000    8.7709
    0.0066    8.7711
    0.0133    8.7719
    0.0199    8.7732
    0.0265    8.7750
    0.0332    8.7772
    0.0398    8.7799
    0.0464    8.7829
    0.0531    8.7863
    0.0597    8.7900
    0.0663    8.7940
    0.0730    8.7981
    0.0796    8.8024
    0.0863    8.8068
    0.0929    8.8111
    0.0995    8.8154
    0.1062    8.8197
    0.1128    8.8237
    0.1194    8.8275
    0.1261    8.8310
    0.1327    8.8342
    0.1393    8.8369
    0.1460    8.8393
    0.1526    8.8411
    0.1592    8.8423
    0.1659    8.8429
    0.1725    8.8429
    0.1791    8.8422
    0.1858    8.8408
    0.1924    8.8385
    0.1990    8.8355
    0.2057    8.8316
    0.2123    8.8268
    0.2189    8.8211
    0.2256    8.8145
    0.2322    8.8069
    0.2389    8.7982
    0.2455    8.7886
    0.2521    8.7779
    0.2588    8.7661
    0.2654    8.7533
    0.2720    8.7393
    0.2787    8.7243
    0.2853    8.7082
    0.2919    8.6909
    0.2986    8.6726
    0.3052    8.6532
    0.3118    8.6327
    0.3185    8.6112
    0.3251    8.5886
    0.3317    8.5650
    0.3384    8.5405
    0.3450    8.5150
    0.3516    8.4887
    0.3583    8.4615
    0.3649    8.4335
    0.3715    8.4048
    0.3782    8.3753
    0.3848    8.3453
    0.3915    8.3147
    0.3981    8.2835
    0.4047    8.2519
    0.4114    8.2199
    0.4180    8.1877
    0.4246    8.1551
    0.4313    8.1224
    0.4379    8.0896
    0.4445    8.0568
    0.4512    8.0241
    0.4578    7.9916
    0.4644    7.9594
    0.4711    7.9276
    0.4777    7.8964
    0.4843    7.8660
    0.4910    7.8365
    0.4976    7.8083
    0.5042    7.7816
    0.5109    7.7567
    0.5175    7.7338
    0.5241    7.7132
    0.5308    7.6948
    0.5374    7.6787
    0.5441    7.6647
    0.5507    7.6526
    0.5573    7.6423
    0.5640    7.6334
    0.5706    7.6257
    0.5772    7.6191
    0.5839    7.6134
    0.5905    7.6085
    0.5971    7.6042
    0.6038    7.6005
    0.6104    7.5974
    0.6170    7.5947
    0.6237    7.5924
    0.6303    7.5906
    0.6369    7.5891
    0.6436    7.5879
    0.6502    7.5871
    0.6568    7.5866
    0.6635    7.5865
 
    0.0000   12.1511
    0.0066   12.1502
    0.0133   12.1474
    0.0199   12.1428
    0.0265   12.1363
    0.0332   12.1281
    0.0398   12.1181
    0.0464   12.1063
    0.0531   12.0929
    0.0597   12.0778
    0.0663   12.0610
    0.0730   12.0428
    0.0796   12.0230
    0.0863   12.0018
    0.0929   11.9792
    0.0995   11.9554
    0.1062   11.9302
    0.1128   11.9040
    0.1194   11.8766
    0.1261   11.8482
    0.1327   11.8189
    0.1393   11.7888
    0.1460   11.7579
    0.1526   11.7262
    0.1592   11.6940
    0.1659   11.6612
    0.1725   11.6280
    0.1791   11.5944
    0.1858   11.5605
    0.1924   11.5264
    0.1990   11.4922
    0.2057   11.4579
    0.2123   11.4237
    0.2189   11.3896
    0.2256   11.3557
    0.2322   11.3220
    0.2389   11.2887
    0.2455   11.2558
    0.2521   11.2235
    0.2588   11.1916
    0.2654   11.1604
    0.2720   11.1299
    0.2787   11.1001
    0.2853   11.0712
    0.2919   11.0430
    0.2986   11.0158
    0.3052   10.9895
    0.3118   10.9642
    0.3185   10.9399
    0.3251   10.9167
    0.3317   10.8944
    0.3384   10.8733
    0.3450   10.8532
    0.3516   10.8342
    0.3583   10.8163
    0.3649   10.7995
    0.3715   10.7838
    0.3782   10.7691
    0.3848   10.7554
    0.3915   10.7428
    0.3981   10.7311
    0.4047   10.7205
    0.4114   10.7107
    0.4180   10.7019
    0.4246   10.6940
    0.4313   10.6869
    0.4379   10.6806
    0.4445   10.6751
    0.4512   10.6703
    0.4578   10.6662
    0.4644   10.6628
    0.4711   10.6600
    0.4777   10.6577
    0.4843   10.6560
    0.4910   10.6548
    0.4976   10.6540
    0.5042   10.6537
    0.5109   10.6537
    0.5175   10.6541
    0.5241   10.6547
    0.5308   10.6557
    0.5374   10.6568
    0.5441   10.6582
    0.5507   10.6596
    0.5573   10.6612
    0.5640   10.6629
    0.5706   10.6647
    0.5772   10.6664
    0.5839   10.6682
    0.5905   10.6699
    0.5971   10.6715
    0.6038   10.6731
    0.6104   10.6746
    0.6170   10.6759
    0.6237   10.6771
    0.6303   10.6782
    0.6369   10.6790
    0.6436   10.6797
    0.6502   10.6802
    0.6568   10.6805
    0.6635   10.6806
 
    0.0000   12.1511
    0.0066   12.1509
    0.0133   12.1502
    0.0199   12.1491
    0.0265   12.1475
    0.0332   12.1455
    0.0398   12.1431
    0.0464   12.1402
    0.0531   12.1369
    0.0597   12.1332
    0.0663   12.1291
    0.0730   12.1246
    0.0796   12.1197
    0.0863   12.1144
    0.0929   12.1088
    0.0995   12.1028
    0.1062   12.0965
    0.1128   12.0898
    0.1194   12.0829
    0.1261   12.0757
    0.1327   12.0682
    0.1393   12.0604
    0.1460   12.0525
    0.1526   12.0443
    0.1592   12.0359
    0.1659   12.0274
    0.1725   12.0187
    0.1791   12.0099
    0.1858   12.0009
    0.1924   11.9919
    0.1990   11.9829
    0.2057   11.9738
    0.2123   11.9648
    0.2189   11.9557
    0.2256   11.9467
    0.2322   11.9377
    0.2389   11.9289
    0.2455   11.9201
    0.2521   11.9115
    0.2588   11.9031
    0.2654   11.8949
    0.2720   11.8868
    0.2787   11.8790
    0.2853   11.8715
    0.2919   11.8642
    0.2986   11.8572
    0.3052   11.8505
    0.3118   11.8441
    0.3185   11.8381
    0.3251   11.8324
    0.3317   11.8270
    0.3384   11.8221
    0.3450   11.8175
    0.3516   11.8133
    0.3583   11.8095
    0.3649   11.8061
    0.3715   11.8030
    0.3782   11.8004
    0.3848   11.7981
    0.3915   11.7963
    0.3981   11.7948
    0.4047   11.7937
    0.4114   11.7929
    0.4180   11.7925
    0.4246   11.7924
    0.4313   11.7926
    0.4379   11.7932
    0.4445   11.7940
    0.4512   11.7951
    0.4578   11.7965
    0.4644   11.7981
    0.4711   11.7999
    0.4777   11.8019
    0.4843   11.8041
    0.4910   11.8064
    0.4976   11.8088
    0.5042   11.8114
    0.5109   11.8141
    0.5175   11.8168
    0.5241   11.8196
    0.5308   11.8223
    0.5374   11.8251
    0.5441   11.8279
    0.5507   11.8307
    0.5573   11.8334
    0.5640   11.8360
    0.5706   11.8385
    0.5772   11.8410
    0.5839   11.8433
    0.5905   11.8455
    0.5971   11.8475
    0.6038   11.8494
    0.6104   11.8511
    0.6170   11.8527
    0.6237   11.8540
    0.6303   11.8552
    0.6369   11.8562
    0.6436   11.8569
    0.6502   11.8574
    0.6568   11.8578
    0.6635   11.8579
 
    0.0000   13.0755
    0.0066   13.0768
    0.0133   13.0808
    0.0199   13.0876
    0.0265   13.0970
    0.0332   13.1090
    0.0398   13.1237
    0.0464   13.1410
    0.0531   13.1608
    0.0597   13.1833
    0.0663   13.2082
    0.0730   13.2356
    0.0796   13.2655
    0.0863   13.2977
    0.0929   13.3323
    0.0995   13.3691
    0.1062   13.4082
    0.1128   13.4494
    0.1194   13.4927
    0.1261   13.5381
    0.1327   13.5854
    0.1393   13.6347
    0.1460   13.6857
    0.1526   13.7386
    0.1592   13.7931
    0.1659   13.8493
    0.1725   13.9070
    0.1791   13.9662
    0.1858   14.0268
    0.1924   14.0887
    0.1990   14.1519
    0.2057   14.2163
    0.2123   14.2818
    0.2189   14.3483
    0.2256   14.4159
    0.2322   14.4843
    0.2389   14.5536
    0.2455   14.6237
    0.2521   14.6944
    0.2588   14.7658
    0.2654   14.8378
    0.2720   14.9103
    0.2787   14.9833
    0.2853   15.0566
    0.2919   15.1303
    0.2986   15.2042
    0.3052   15.2784
    0.3118   15.3527
    0.3185   15.4271
    0.3251   15.5015
    0.3317   15.5759
    0.3384   15.6502
    0.3450   15.7244
    0.3516   15.7985
    0.3583   15.8722
    0.3649   15.9457
    0.3715   16.0188
    0.3782   16.0915
    0.3848   16.1638
    0.3915   16.2355
    0.3981   16.3067
    0.4047   16.3772
    0.4114   16.4471
    0.4180   16.5162
    0.4246   16.5846
    0.4313   16.6520
    0.4379   16.7186
    0.4445   16.7843
    0.4512   16.8489
    0.4578   16.9124
    0.4644   16.9748
    0.4711   17.0360
    0.4777   17.0959
    0.4843   17.1545
    0.4910   17.2117
    0.4976   17.2674
    0.5042   17.3216
    0.5109   17.3742
    0.5175   17.4252
    0.5241   17.4744
    0.5308   17.5219
    0.5374   17.5674
    0.5441   17.6111
    0.5507   17.6527
    0.5573   17.6923
    0.5640   17.7297
    0.5706   17.7650
    0.5772   17.7980
    0.5839   17.8287
    0.5905   17.8570
    0.5971   17.8830
    0.6038   17.9066
    0.6104   17.9277
    0.6170   17.9464
    0.6237   17.9626
    0.6303   17.9763
    0.6369   17.9876
    0.6436   17.9963
    0.6502   18.0025
    0.6568   18.0063
    0.6635   18.0075
 
    0.0000   17.4960
    0.0066   17.4970
    0.0133   17.4999
    0.0199   17.5048
    0.0265   17.5115
    0.0332   17.5201
    0.0398   17.5306
    0.0464   17.5428
    0.0531   17.5567
    0.0597   17.5723
    0.0663   17.5895
    0.0730   17.6081
    0.0796   17.6281
    0.0863   17.6493
    0.0929   17.6718
    0.0995   17.6953
    0.1062   17.7197
    0.1128   17.7449
    0.1194   17.7708
    0.1261   17.7973
    0.1327   17.8241
    0.1393   17.8512
    0.1460   17.8783
    0.1526   17.9055
    0.1592   17.9325
    0.1659   17.9591
    0.1725   17.9853
    0.1791   18.0109
    0.1858   18.0357
    0.1924   18.0597
    0.1990   18.0827
    0.2057   18.1046
    0.2123   18.1254
    0.2189   18.1449
    0.2256   18.1630
    0.2322   18.1798
    0.2389   18.1952
    0.2455   18.2091
    0.2521   18.2215
    0.2588   18.2325
    0.2654   18.2421
    0.2720   18.2501
    0.2787   18.2568
    0.2853   18.2622
    0.2919   18.2662
    0.2986   18.2690
    0.3052   18.2705
    0.3118   18.2710
    0.3185   18.2704
    0.3251   18.2689
    0.3317   18.2665
    0.3384   18.2632
    0.3450   18.2593
    0.3516   18.2547
    0.3583   18.2495
    0.3649   18.2439
    0.3715   18.2378
    0.3782   18.2314
    0.3848   18.2248
    0.3915   18.2179
    0.3981   18.2110
    0.4047   18.2040
    0.4114   18.1971
    0.4180   18.1902
    0.4246   18.1834
    0.4313   18.1769
    0.4379   18.1706
    0.4445   18.1646
    0.4512   18.1590
    0.4578   18.1537
    0.4644   18.1488
    0.4711   18.1444
    0.4777   18.1404
    0.4843   18.1370
    0.4910   18.1340
    0.4976   18.1316
    0.5042   18.1297
    0.5109   18.1283
    0.5175   18.1274
    0.5241   18.1270
    0.5308   18.1272
    0.5374   18.1278
    0.5441   18.1288
    0.5507   18.1303
    0.5573   18.1321
    0.5640   18.1343
    0.5706   18.1367
    0.5772   18.1394
    0.5839   18.1422
    0.5905   18.1452
    0.5971   18.1481
    0.6038   18.1511
    0.6104   18.1540
    0.6170   18.1567
    0.6237   18.1592
    0.6303   18.1614
    0.6369   18.1633
    0.6436   18.1648
    0.6502   18.1659
    0.6568   18.1666
    0.6635   18.1668
 
    0.0000   20.6948
    0.0066   20.6948
    0.0133   20.6949
    0.0199   20.6951
    0.0265   20.6954
    0.0332   20.6957
    0.0398   20.6962
    0.0464   20.6969
    0.0531   20.6977
    0.0597   20.6989
    0.0663   20.7003
    0.0730   20.7020
    0.0796   20.7042
    0.0863   20.7069
    0.0929   20.7100
    0.0995   20.7138
    0.1062   20.7183
    0.1128   20.7236
    0.1194   20.7297
    0.1261   20.7368
    0.1327   20.7449
    0.1393   20.7540
    0.1460   20.7644
    0.1526   20.7760
    0.1592   20.7889
    0.1659   20.8033
    0.1725   20.8190
    0.1791   20.8362
    0.1858   20.8550
    0.1924   20.8752
    0.1990   20.8969
    0.2057   20.9200
    0.2123   20.9444
    0.2189   20.9701
    0.2256   20.9968
    0.2322   21.0244
    0.2389   21.0525
    0.2455   21.0808
    0.2521   21.1091
    0.2588   21.1367
    0.2654   21.1632
    0.2720   21.1881
    0.2787   21.2106
    0.2853   21.2303
    0.2919   21.2464
    0.2986   21.2585
    0.3052   21.2659
    0.3118   21.2685
    0.3185   21.2660
    0.3251   21.2585
    0.3317   21.2460
    0.3384   21.2290
    0.3450   21.2078
    0.3516   21.1829
    0.3583   21.1548
    0.3649   21.1239
    0.3715   21.0908
    0.3782   21.0559
    0.3848   21.0194
    0.3915   20.9819
    0.3981   20.9435
    0.4047   20.9046
    0.4114   20.8654
    0.4180   20.8260
    0.4246   20.7866
    0.4313   20.7474
    0.4379   20.7085
    0.4445   20.6700
    0.4512   20.6321
    0.4578   20.5947
    0.4644   20.5580
    0.4711   20.5221
    0.4777   20.4870
    0.4843   20.4527
    0.4910   20.4194
    0.4976   20.3871
    0.5042   20.3558
    0.5109   20.3256
    0.5175   20.2966
    0.5241   20.2687
    0.5308   20.2420
    0.5374   20.2165
    0.5441   20.1923
    0.5507   20.1695
    0.5573   20.1480
    0.5640   20.1279
    0.5706   20.1091
    0.5772   20.0918
    0.5839   20.0758
    0.5905   20.0613
    0.5971   20.0482
    0.6038   20.0364
    0.6104   20.0261
    0.6170   20.0170
    0.6237   20.0093
    0.6303   20.0028
    0.6369   19.9975
    0.6436   19.9935
    0.6502   19.9906
    0.6568   19.9889
    0.6635   19.9884
 
