    0.0000   -5.7699
    0.0100   -5.7695
    0.0200   -5.7682
    0.0300   -5.7660
    0.0400   -5.7630
    0.0500   -5.7591
    0.0600   -5.7543
    0.0700   -5.7487
    0.0800   -5.7422
    0.0900   -5.7348
    0.1000   -5.7266
    0.1100   -5.7175
    0.1200   -5.7076
    0.1300   -5.6968
    0.1400   -5.6851
    0.1500   -5.6725
    0.1600   -5.6591
    0.1700   -5.6448
    0.1800   -5.6297
    0.1900   -5.6137
    0.2000   -5.5968
    0.2100   -5.5791
    0.2200   -5.5606
    0.2300   -5.5412
    0.2400   -5.5209
    0.2500   -5.4997
    0.2600   -5.4778
    0.2700   -5.4549
    0.2800   -5.4313
    0.2900   -5.4067
    0.3000   -5.3813
    0.3100   -5.3551
    0.3200   -5.3281
    0.3300   -5.3002
    0.3400   -5.2714
    0.3500   -5.2418
    0.3600   -5.2114
    0.3700   -5.1801
    0.3800   -5.1481
    0.3900   -5.1151
    0.4000   -5.0814
    0.4100   -5.0468
    0.4200   -5.0114
    0.4300   -4.9752
    0.4400   -4.9381
    0.4500   -4.9003
    0.4600   -4.8616
    0.4700   -4.8221
    0.4800   -4.7818
    0.4900   -4.7407
    0.5000   -4.6988
    0.5100   -4.6560
    0.5200   -4.6125
    0.5300   -4.5682
    0.5400   -4.5231
    0.5500   -4.4772
    0.5600   -4.4305
    0.5700   -4.3831
    0.5800   -4.3348
    0.5900   -4.2858
    0.6000   -4.2361
    0.6100   -4.1855
    0.6200   -4.1342
    0.6300   -4.0821
    0.6400   -4.0293
    0.6500   -3.9757
    0.6600   -3.9214
    0.6700   -3.8663
    0.6800   -3.8105
    0.6900   -3.7539
    0.7000   -3.6966
    0.7100   -3.6386
    0.7200   -3.5799
    0.7300   -3.5204
    0.7400   -3.4603
    0.7500   -3.3994
    0.7600   -3.3379
    0.7700   -3.2757
    0.7800   -3.2127
    0.7900   -3.1491
    0.8000   -3.0848
    0.8100   -3.0199
    0.8200   -2.9542
    0.8300   -2.8880
    0.8400   -2.8210
    0.8500   -2.7535
    0.8600   -2.6852
    0.8700   -2.6164
    0.8800   -2.5470
    0.8900   -2.4769
    0.9000   -2.4062
    0.9100   -2.3349
    0.9200   -2.2631
    0.9300   -2.1906
    0.9400   -2.1176
    0.9500   -2.0440
    0.9600   -1.9698
    0.9700   -1.8951
    0.9800   -1.8199
    0.9900   -1.7441
    1.0000   -1.6678

    0.0000    6.0666
    0.0100    6.0636
    0.0200    6.0545
    0.0300    6.0395
    0.0400    6.0186
    0.0500    5.9923
    0.0600    5.9606
    0.0700    5.9240
    0.0800    5.8827
    0.0900    5.8370
    0.1000    5.7873
    0.1100    5.7340
    0.1200    5.6773
    0.1300    5.6175
    0.1400    5.5549
    0.1500    5.4898
    0.1600    5.4224
    0.1700    5.3529
    0.1800    5.2815
    0.1900    5.2084
    0.2000    5.1337
    0.2100    5.0577
    0.2200    4.9804
    0.2300    4.9019
    0.2400    4.8225
    0.2500    4.7421
    0.2600    4.6608
    0.2700    4.5787
    0.2800    4.4960
    0.2900    4.4126
    0.3000    4.3287
    0.3100    4.2442
    0.3200    4.1592
    0.3300    4.0738
    0.3400    3.9881
    0.3500    3.9019
    0.3600    3.8154
    0.3700    3.7286
    0.3800    3.6416
    0.3900    3.5543
    0.4000    3.4668
    0.4100    3.3791
    0.4200    3.2912
    0.4300    3.2031
    0.4400    3.1149
    0.4500    3.0266
    0.4600    2.9381
    0.4700    2.8496
    0.4800    2.7610
    0.4900    2.6722
    0.5000    2.5835
    0.5100    2.4947
    0.5200    2.4059
    0.5300    2.3170
    0.5400    2.2282
    0.5500    2.1393
    0.5600    2.0505
    0.5700    1.9617
    0.5800    1.8729
    0.5900    1.7842
    0.6000    1.6956
    0.6100    1.6070
    0.6200    1.5185
    0.6300    1.4301
    0.6400    1.3418
    0.6500    1.2537
    0.6600    1.1656
    0.6700    1.0777
    0.6800    0.9900
    0.6900    0.9024
    0.7000    0.8150
    0.7100    0.7278
    0.7200    0.6408
    0.7300    0.5540
    0.7400    0.4675
    0.7500    0.3811
    0.7600    0.2950
    0.7700    0.2092
    0.7800    0.1236
    0.7900    0.0384
    0.8000   -0.0466
    0.8100   -0.1313
    0.8200   -0.2157
    0.8300   -0.2997
    0.8400   -0.3834
    0.8500   -0.4668
    0.8600   -0.5498
    0.8700   -0.6324
    0.8800   -0.7146
    0.8900   -0.7965
    0.9000   -0.8779
    0.9100   -0.9590
    0.9200   -1.0396
    0.9300   -1.1197
    0.9400   -1.1994
    0.9500   -1.2787
    0.9600   -1.3575
    0.9700   -1.4358
    0.9800   -1.5136
    0.9900   -1.5910
    1.0000   -1.6678

    0.0000    6.0666
    0.0100    6.0647
    0.0200    6.0591
    0.0300    6.0498
    0.0400    6.0370
    0.0500    6.0207
    0.0600    6.0012
    0.0700    5.9786
    0.0800    5.9531
    0.0900    5.9250
    0.1000    5.8945
    0.1100    5.8617
    0.1200    5.8270
    0.1300    5.7905
    0.1400    5.7524
    0.1500    5.7129
    0.1600    5.6722
    0.1700    5.6304
    0.1800    5.5877
    0.1900    5.5442
    0.2000    5.5000
    0.2100    5.4553
    0.2200    5.4101
    0.2300    5.3646
    0.2400    5.3188
    0.2500    5.2729
    0.2600    5.2268
    0.2700    5.1807
    0.2800    5.1345
    0.2900    5.0885
    0.3000    5.0426
    0.3100    4.9968
    0.3200    4.9513
    0.3300    4.9060
    0.3400    4.8610
    0.3500    4.8163
    0.3600    4.7719
    0.3700    4.7279
    0.3800    4.6844
    0.3900    4.6412
    0.4000    4.5985
    0.4100    4.5563
    0.4200    4.5146
    0.4300    4.4733
    0.4400    4.4326
    0.4500    4.3925
    0.4600    4.3529
    0.4700    4.3138
    0.4800    4.2754
    0.4900    4.2375
    0.5000    4.2002
    0.5100    4.1636
    0.5200    4.1276
    0.5300    4.0922
    0.5400    4.0575
    0.5500    4.0234
    0.5600    3.9900
    0.5700    3.9572
    0.5800    3.9252
    0.5900    3.8938
    0.6000    3.8631
    0.6100    3.8331
    0.6200    3.8037
    0.6300    3.7751
    0.6400    3.7473
    0.6500    3.7201
    0.6600    3.6936
    0.6700    3.6679
    0.6800    3.6429
    0.6900    3.6187
    0.7000    3.5951
    0.7100    3.5723
    0.7200    3.5503
    0.7300    3.5290
    0.7400    3.5085
    0.7500    3.4887
    0.7600    3.4697
    0.7700    3.4514
    0.7800    3.4339
    0.7900    3.4171
    0.8000    3.4011
    0.8100    3.3859
    0.8200    3.3715
    0.8300    3.3578
    0.8400    3.3449
    0.8500    3.3328
    0.8600    3.3214
    0.8700    3.3108
    0.8800    3.3010
    0.8900    3.2920
    0.9000    3.2838
    0.9100    3.2763
    0.9200    3.2697
    0.9300    3.2638
    0.9400    3.2587
    0.9500    3.2543
    0.9600    3.2508
    0.9700    3.2481
    0.9800    3.2461
    0.9900    3.2449
    1.0000    3.2445

    0.0000    6.0666
    0.0100    6.0647
    0.0200    6.0591
    0.0300    6.0498
    0.0400    6.0370
    0.0500    6.0207
    0.0600    6.0012
    0.0700    5.9786
    0.0800    5.9531
    0.0900    5.9250
    0.1000    5.8945
    0.1100    5.8617
    0.1200    5.8270
    0.1300    5.7905
    0.1400    5.7524
    0.1500    5.7129
    0.1600    5.6722
    0.1700    5.6304
    0.1800    5.5877
    0.1900    5.5442
    0.2000    5.5000
    0.2100    5.4553
    0.2200    5.4101
    0.2300    5.3646
    0.2400    5.3188
    0.2500    5.2729
    0.2600    5.2268
    0.2700    5.1807
    0.2800    5.1345
    0.2900    5.0885
    0.3000    5.0426
    0.3100    4.9968
    0.3200    4.9513
    0.3300    4.9060
    0.3400    4.8610
    0.3500    4.8163
    0.3600    4.7719
    0.3700    4.7279
    0.3800    4.6844
    0.3900    4.6412
    0.4000    4.5985
    0.4100    4.5563
    0.4200    4.5146
    0.4300    4.4733
    0.4400    4.4326
    0.4500    4.3925
    0.4600    4.3529
    0.4700    4.3138
    0.4800    4.2754
    0.4900    4.2375
    0.5000    4.2002
    0.5100    4.1636
    0.5200    4.1276
    0.5300    4.0922
    0.5400    4.0575
    0.5500    4.0234
    0.5600    3.9900
    0.5700    3.9572
    0.5800    3.9252
    0.5900    3.8938
    0.6000    3.8631
    0.6100    3.8331
    0.6200    3.8037
    0.6300    3.7751
    0.6400    3.7473
    0.6500    3.7201
    0.6600    3.6936
    0.6700    3.6679
    0.6800    3.6429
    0.6900    3.6187
    0.7000    3.5951
    0.7100    3.5723
    0.7200    3.5503
    0.7300    3.5290
    0.7400    3.5085
    0.7500    3.4887
    0.7600    3.4697
    0.7700    3.4514
    0.7800    3.4339
    0.7900    3.4171
    0.8000    3.4011
    0.8100    3.3859
    0.8200    3.3715
    0.8300    3.3578
    0.8400    3.3449
    0.8500    3.3328
    0.8600    3.3214
    0.8700    3.3108
    0.8800    3.3010
    0.8900    3.2920
    0.9000    3.2838
    0.9100    3.2763
    0.9200    3.2697
    0.9300    3.2638
    0.9400    3.2587
    0.9500    3.2543
    0.9600    3.2508
    0.9700    3.2481
    0.9800    3.2461
    0.9900    3.2449
    1.0000    3.2445

    0.0000    8.6416
    0.0100    8.6405
    0.0200    8.6373
    0.0300    8.6320
    0.0400    8.6246
    0.0500    8.6151
    0.0600    8.6036
    0.0700    8.5902
    0.0800    8.5749
    0.0900    8.5577
    0.1000    8.5388
    0.1100    8.5182
    0.1200    8.4960
    0.1300    8.4723
    0.1400    8.4472
    0.1500    8.4208
    0.1600    8.3932
    0.1700    8.3643
    0.1800    8.3345
    0.1900    8.3037
    0.2000    8.2719
    0.2100    8.2394
    0.2200    8.2062
    0.2300    8.1724
    0.2400    8.1380
    0.2500    8.1031
    0.2600    8.0678
    0.2700    8.0322
    0.2800    7.9963
    0.2900    7.9602
    0.3000    7.9240
    0.3100    7.8877
    0.3200    7.8513
    0.3300    7.8150
    0.3400    7.7787
    0.3500    7.7426
    0.3600    7.7066
    0.3700    7.6708
    0.3800    7.6353
    0.3900    7.6001
    0.4000    7.5652
    0.4100    7.5306
    0.4200    7.4965
    0.4300    7.4627
    0.4400    7.4294
    0.4500    7.3967
    0.4600    7.3644
    0.4700    7.3326
    0.4800    7.3014
    0.4900    7.2708
    0.5000    7.2408
    0.5100    7.2115
    0.5200    7.1828
    0.5300    7.1547
    0.5400    7.1274
    0.5500    7.1007
    0.5600    7.0748
    0.5700    7.0496
    0.5800    7.0252
    0.5900    7.0016
    0.6000    6.9787
    0.6100    6.9567
    0.6200    6.9354
    0.6300    6.9150
    0.6400    6.8955
    0.6500    6.8768
    0.6600    6.8589
    0.6700    6.8420
    0.6800    6.8259
    0.6900    6.8108
    0.7000    6.7965
    0.7100    6.7832
    0.7200    6.7708
    0.7300    6.7594
    0.7400    6.7489
    0.7500    6.7394
    0.7600    6.7308
    0.7700    6.7233
    0.7800    6.7167
    0.7900    6.7111
    0.8000    6.7065
    0.8100    6.7030
    0.8200    6.7005
    0.8300    6.6990
    0.8400    6.6986
    0.8500    6.6992
    0.8600    6.7009
    0.8700    6.7036
    0.8800    6.7074
    0.8900    6.7123
    0.9000    6.7183
    0.9100    6.7254
    0.9200    6.7336
    0.9300    6.7429
    0.9400    6.7533
    0.9500    6.7648
    0.9600    6.7775
    0.9700    6.7913
    0.9800    6.8063
    0.9900    6.8224
    1.0000    6.8397

    0.0000    8.6416
    0.0100    8.6440
    0.0200    8.6512
    0.0300    8.6631
    0.0400    8.6797
    0.0500    8.7007
    0.0600    8.7261
    0.0700    8.7555
    0.0800    8.7889
    0.0900    8.8260
    0.1000    8.8665
    0.1100    8.9103
    0.1200    8.9572
    0.1300    9.0068
    0.1400    9.0591
    0.1500    9.1138
    0.1600    9.1708
    0.1700    9.2299
    0.1800    9.2909
    0.1900    9.3538
    0.2000    9.4184
    0.2100    9.4845
    0.2200    9.5520
    0.2300    9.6210
    0.2400    9.6912
    0.2500    9.7626
    0.2600    9.8351
    0.2700    9.9087
    0.2800    9.9832
    0.2900   10.0587
    0.3000   10.1350
    0.3100   10.2121
    0.3200   10.2900
    0.3300   10.3381
    0.3400   10.2992
    0.3500   10.2538
    0.3600   10.2028
    0.3700   10.1470
    0.3800   10.0872
    0.3900   10.0239
    0.4000    9.9579
    0.4100    9.8897
    0.4200    9.8196
    0.4300    9.7482
    0.4400    9.6757
    0.4500    9.6025
    0.4600    9.5287
    0.4700    9.4547
    0.4800    9.3807
    0.4900    9.3066
    0.5000    9.2329
    0.5100    9.1594
    0.5200    9.0865
    0.5300    9.0141
    0.5400    8.9423
    0.5500    8.8713
    0.5600    8.8010
    0.5700    8.7316
    0.5800    8.6631
    0.5900    8.5955
    0.6000    8.5289
    0.6100    8.4634
    0.6200    8.3989
    0.6300    8.3354
    0.6400    8.2731
    0.6500    8.2119
    0.6600    8.1518
    0.6700    8.0929
    0.6800    8.0352
    0.6900    7.9787
    0.7000    7.9234
    0.7100    7.8693
    0.7200    7.8164
    0.7300    7.7648
    0.7400    7.7144
    0.7500    7.6653
    0.7600    7.6173
    0.7700    7.5707
    0.7800    7.5253
    0.7900    7.4811
    0.8000    7.4382
    0.8100    7.3966
    0.8200    7.3562
    0.8300    7.3170
    0.8400    7.2792
    0.8500    7.2425
    0.8600    7.2071
    0.8700    7.1729
    0.8800    7.1400
    0.8900    7.1083
    0.9000    7.0779
    0.9100    7.0486
    0.9200    7.0206
    0.9300    6.9938
    0.9400    6.9682
    0.9500    6.9438
    0.9600    6.9206
    0.9700    6.8986
    0.9800    6.8778
    0.9900    6.8582
    1.0000    6.8397

    0.0000    8.6416
    0.0100    8.6440
    0.0200    8.6512
    0.0300    8.6631
    0.0400    8.6797
    0.0500    8.7007
    0.0600    8.7261
    0.0700    8.7555
    0.0800    8.7889
    0.0900    8.8260
    0.1000    8.8665
    0.1100    8.9103
    0.1200    8.9572
    0.1300    9.0068
    0.1400    9.0591
    0.1500    9.1138
    0.1600    9.1708
    0.1700    9.2299
    0.1800    9.2909
    0.1900    9.3538
    0.2000    9.4184
    0.2100    9.4845
    0.2200    9.5520
    0.2300    9.6210
    0.2400    9.6912
    0.2500    9.7626
    0.2600    9.8351
    0.2700    9.9087
    0.2800    9.9832
    0.2900   10.0587
    0.3000   10.1350
    0.3100   10.2121
    0.3200   10.2900
    0.3300   10.3687
    0.3400   10.4480
    0.3500   10.5279
    0.3600   10.6085
    0.3700   10.6897
    0.3800   10.7714
    0.3900   10.8537
    0.4000   10.9364
    0.4100   11.0197
    0.4200   11.1033
    0.4300   11.1875
    0.4400   11.2720
    0.4500   11.3569
    0.4600   11.4422
    0.4700   11.5279
    0.4800   11.6140
    0.4900   11.7003
    0.5000   11.7870
    0.5100   11.8740
    0.5200   11.9613
    0.5300   12.0489
    0.5400   12.1368
    0.5500   12.2250
    0.5600   12.3134
    0.5700   12.4021
    0.5800   12.4910
    0.5900   12.5801
    0.6000   12.6695
    0.6100   12.7592
    0.6200   12.8490
    0.6300   12.9391
    0.6400   13.0294
    0.6500   13.1198
    0.6600   13.2105
    0.6700   13.3014
    0.6800   13.3925
    0.6900   13.4837
    0.7000   13.5751
    0.7100   13.6667
    0.7200   13.7584
    0.7300   13.8503
    0.7400   13.9423
    0.7500   14.0344
    0.7600   14.1267
    0.7700   14.2190
    0.7800   14.3114
    0.7900   14.4038
    0.8000   14.4963
    0.8100   14.5887
    0.8200   14.6810
    0.8300   14.7733
    0.8400   14.8653
    0.8500   14.9570
    0.8600   15.0484
    0.8700   15.1393
    0.8800   15.2295
    0.8900   15.3188
    0.9000   15.4069
    0.9100   15.4935
    0.9200   15.5780
    0.9300   15.6597
    0.9400   15.7377
    0.9500   15.8106
    0.9600   15.8766
    0.9700   15.9332
    0.9800   15.9774
    0.9900   16.0057
    1.0000   16.0155

    0.0000    9.3066
    0.0100    9.3096
    0.0200    9.3185
    0.0300    9.3331
    0.0400    9.3534
    0.0500    9.3790
    0.0600    9.4096
    0.0700    9.4449
    0.0800    9.4845
    0.0900    9.5280
    0.1000    9.5749
    0.1100    9.6249
    0.1200    9.6774
    0.1300    9.7320
    0.1400    9.7883
    0.1500    9.8457
    0.1600    9.9038
    0.1700    9.9620
    0.1800   10.0198
    0.1900   10.0765
    0.2000   10.1315
    0.2100   10.1840
    0.2200   10.2333
    0.2300   10.2785
    0.2400   10.3187
    0.2500   10.3530
    0.2600   10.3806
    0.2700   10.4004
    0.2800   10.4120
    0.2900   10.4147
    0.3000   10.4085
    0.3100   10.3934
    0.3200   10.3697
    0.3300   10.3687
    0.3400   10.4480
    0.3500   10.5279
    0.3600   10.6085
    0.3700   10.6897
    0.3800   10.7714
    0.3900   10.8537
    0.4000   10.9364
    0.4100   11.0197
    0.4200   11.1033
    0.4300   11.1875
    0.4400   11.2720
    0.4500   11.3569
    0.4600   11.4422
    0.4700   11.5279
    0.4800   11.6140
    0.4900   11.7003
    0.5000   11.7870
    0.5100   11.8740
    0.5200   11.9613
    0.5300   12.0489
    0.5400   12.1368
    0.5500   12.2250
    0.5600   12.3134
    0.5700   12.4021
    0.5800   12.4910
    0.5900   12.5801
    0.6000   12.6695
    0.6100   12.7592
    0.6200   12.8490
    0.6300   12.9391
    0.6400   13.0294
    0.6500   13.1198
    0.6600   13.2105
    0.6700   13.3014
    0.6800   13.3925
    0.6900   13.4837
    0.7000   13.5751
    0.7100   13.6667
    0.7200   13.7584
    0.7300   13.8503
    0.7400   13.9423
    0.7500   14.0344
    0.7600   14.1267
    0.7700   14.2190
    0.7800   14.3114
    0.7900   14.4038
    0.8000   14.4963
    0.8100   14.5887
    0.8200   14.6810
    0.8300   14.7733
    0.8400   14.8653
    0.8500   14.9570
    0.8600   15.0484
    0.8700   15.1393
    0.8800   15.2295
    0.8900   15.3188
    0.9000   15.4069
    0.9100   15.4935
    0.9200   15.5780
    0.9300   15.6597
    0.9400   15.7377
    0.9500   15.8106
    0.9600   15.8766
    0.9700   15.9332
    0.9800   15.9774
    0.9900   16.0057
    1.0000   16.0155

    0.0000   13.8101
    0.0100   13.8065
    0.0200   13.7957
    0.0300   13.7780
    0.0400   13.7535
    0.0500   13.7225
    0.0600   13.6856
    0.0700   13.6431
    0.0800   13.5955
    0.0900   13.5434
    0.1000   13.4874
    0.1100   13.4279
    0.1200   13.3656
    0.1300   13.3010
    0.1400   13.2347
    0.1500   13.1674
    0.1600   13.0995
    0.1700   13.0318
    0.1800   12.9649
    0.1900   12.8994
    0.2000   12.8362
    0.2100   12.7760
    0.2200   12.7197
    0.2300   12.6682
    0.2400   12.6224
    0.2500   12.5834
    0.2600   12.5521
    0.2700   12.5293
    0.2800   12.5159
    0.2900   12.5122
    0.3000   12.5186
    0.3100   12.5349
    0.3200   12.5609
    0.3300   12.5961
    0.3400   12.6396
    0.3500   12.6908
    0.3600   12.7488
    0.3700   12.8129
    0.3800   12.8822
    0.3900   12.9562
    0.4000   13.0342
    0.4100   13.1158
    0.4200   13.2004
    0.4300   13.2877
    0.4400   13.3773
    0.4500   13.4690
    0.4600   13.5624
    0.4700   13.6575
    0.4800   13.7538
    0.4900   13.8514
    0.5000   13.9501
    0.5100   14.0496
    0.5200   14.1500
    0.5300   14.2510
    0.5400   14.3527
    0.5500   14.4549
    0.5600   14.5575
    0.5700   14.6604
    0.5800   14.7637
    0.5900   14.8672
    0.6000   14.9708
    0.6100   15.0746
    0.6200   15.1785
    0.6300   15.2824
    0.6400   15.3863
    0.6500   15.4901
    0.6600   15.5939
    0.6700   15.6974
    0.6800   15.8009
    0.6900   15.9041
    0.7000   16.0070
    0.7100   16.1097
    0.7200   16.2121
    0.7300   16.3141
    0.7400   16.4158
    0.7500   16.5036
    0.7600   16.5755
    0.7700   16.6483
    0.7800   16.7221
    0.7900   16.7968
    0.8000   16.8724
    0.8100   16.9490
    0.8200   17.0264
    0.8300   17.1048
    0.8400   17.1841
    0.8500   17.2644
    0.8600   17.3455
    0.8700   17.4276
    0.8800   17.5106
    0.8900   17.5944
    0.9000   17.6380
    0.9100   17.5495
    0.9200   17.4631
    0.9300   17.3796
    0.9400   17.3000
    0.9500   17.2256
    0.9600   17.1584
    0.9700   17.1009
    0.9800   17.0560
    0.9900   17.0272
    1.0000   17.0173

    0.0000   13.8101
    0.0100   13.8106
    0.0200   13.8120
    0.0300   13.8144
    0.0400   13.8178
    0.0500   13.8221
    0.0600   13.8274
    0.0700   13.8337
    0.0800   13.8409
    0.0900   13.8491
    0.1000   13.8582
    0.1100   13.8683
    0.1200   13.8794
    0.1300   13.8914
    0.1400   13.9044
    0.1500   13.9183
    0.1600   13.9333
    0.1700   13.9491
    0.1800   13.9660
    0.1900   13.9837
    0.2000   14.0025
    0.2100   14.0222
    0.2200   14.0429
    0.2300   14.0645
    0.2400   14.0871
    0.2500   14.1107
    0.2600   14.1352
    0.2700   14.1607
    0.2800   14.1871
    0.2900   14.2145
    0.3000   14.2428
    0.3100   14.2721
    0.3200   14.3024
    0.3300   14.3336
    0.3400   14.3658
    0.3500   14.3989
    0.3600   14.4330
    0.3700   14.4681
    0.3800   14.5041
    0.3900   14.5410
    0.4000   14.5789
    0.4100   14.6178
    0.4200   14.6576
    0.4300   14.6984
    0.4400   14.7401
    0.4500   14.7828
    0.4600   14.8265
    0.4700   14.8710
    0.4800   14.9166
    0.4900   14.9631
    0.5000   15.0105
    0.5100   15.0589
    0.5200   15.1082
    0.5300   15.1585
    0.5400   15.2098
    0.5500   15.2619
    0.5600   15.3151
    0.5700   15.3692
    0.5800   15.4242
    0.5900   15.4801
    0.6000   15.5371
    0.6100   15.5949
    0.6200   15.6537
    0.6300   15.7135
    0.6400   15.7741
    0.6500   15.8358
    0.6600   15.8983
    0.6700   15.9618
    0.6800   16.0263
    0.6900   16.0917
    0.7000   16.1580
    0.7100   16.2252
    0.7200   16.2934
    0.7300   16.3625
    0.7400   16.4326
    0.7500   16.5171
    0.7600   16.6179
    0.7700   16.7183
    0.7800   16.8181
    0.7900   16.9175
    0.8000   17.0163
    0.8100   17.1145
    0.8200   17.2120
    0.8300   17.3089
    0.8400   17.4052
    0.8500   17.5006
    0.8600   17.5954
    0.8700   17.6892
    0.8800   17.7823
    0.8900   17.7281
    0.9000   17.6380
    0.9100   17.5495
    0.9200   17.4631
    0.9300   17.3796
    0.9400   17.3000
    0.9500   17.2256
    0.9600   17.1584
    0.9700   17.1009
    0.9800   17.0560
    0.9900   17.0272
    1.0000   17.0173

