    0.0000  -36.2365
    0.0100  -36.2365
    0.0200  -36.2364
    0.0300  -36.2363
    0.0400  -36.2363
    0.0500  -36.2361
    0.0600  -36.2360
    0.0700  -36.2358
    0.0800  -36.2356
    0.0900  -36.2354
    0.1000  -36.2351
    0.1100  -36.2348
    0.1200  -36.2345
    0.1300  -36.2341
    0.1400  -36.2338
    0.1500  -36.2334
    0.1600  -36.2330
    0.1700  -36.2325
    0.1800  -36.2321
    0.1900  -36.2316
    0.2000  -36.2311
    0.2100  -36.2305
    0.2200  -36.2300
    0.2300  -36.2294
    0.2400  -36.2288
    0.2500  -36.2282
    0.2600  -36.2275
    0.2700  -36.2269
    0.2800  -36.2262
    0.2900  -36.2255
    0.3000  -36.2248
    0.3100  -36.2241
    0.3200  -36.2233
    0.3300  -36.2226
    0.3400  -36.2218
    0.3500  -36.2210
    0.3600  -36.2202
    0.3700  -36.2194
    0.3800  -36.2186
    0.3900  -36.2178
    0.4000  -36.2169
    0.4100  -36.2161
    0.4200  -36.2152
    0.4300  -36.2143
    0.4400  -36.2135
    0.4500  -36.2126
    0.4600  -36.2117
    0.4700  -36.2108
    0.4800  -36.2099
    0.4900  -36.2090
    0.5000  -36.2081
    0.5100  -36.2072
    0.5200  -36.2063
    0.5300  -36.2055
    0.5400  -36.2046
    0.5500  -36.2037
    0.5600  -36.2028
    0.5700  -36.2020
    0.5800  -36.2011
    0.5900  -36.2003
    0.6000  -36.1994
    0.6100  -36.1986
    0.6200  -36.1977
    0.6300  -36.1969
    0.6400  -36.1961
    0.6500  -36.1953
    0.6600  -36.1945
    0.6700  -36.1937
    0.6800  -36.1930
    0.6900  -36.1922
    0.7000  -36.1915
    0.7100  -36.1908
    0.7200  -36.1901
    0.7300  -36.1894
    0.7400  -36.1887
    0.7500  -36.1881
    0.7600  -36.1875
    0.7700  -36.1869
    0.7800  -36.1863
    0.7900  -36.1858
    0.8000  -36.1852
    0.8100  -36.1847
    0.8200  -36.1842
    0.8300  -36.1837
    0.8400  -36.1833
    0.8500  -36.1829
    0.8600  -36.1825
    0.8700  -36.1821
    0.8800  -36.1818
    0.8900  -36.1815
    0.9000  -36.1812
    0.9100  -36.1809
    0.9200  -36.1807
    0.9300  -36.1805
    0.9400  -36.1803
    0.9500  -36.1802
    0.9600  -36.1800
    0.9700  -36.1799
    0.9800  -36.1799
    0.9900  -36.1798
    1.0000  -36.1798

    0.0000  -14.0532
    0.0100  -14.0534
    0.0200  -14.0540
    0.0300  -14.0550
    0.0400  -14.0563
    0.0500  -14.0581
    0.0600  -14.0602
    0.0700  -14.0627
    0.0800  -14.0656
    0.0900  -14.0689
    0.1000  -14.0726
    0.1100  -14.0766
    0.1200  -14.0809
    0.1300  -14.0856
    0.1400  -14.0907
    0.1500  -14.0961
    0.1600  -14.1018
    0.1700  -14.1079
    0.1800  -14.1142
    0.1900  -14.1209
    0.2000  -14.1278
    0.2100  -14.1351
    0.2200  -14.1426
    0.2300  -14.1503
    0.2400  -14.1584
    0.2500  -14.1666
    0.2600  -14.1751
    0.2700  -14.1838
    0.2800  -14.1928
    0.2900  -14.2019
    0.3000  -14.2112
    0.3100  -14.2207
    0.3200  -14.2303
    0.3300  -14.2401
    0.3400  -14.2501
    0.3500  -14.2601
    0.3600  -14.2703
    0.3700  -14.2806
    0.3800  -14.2910
    0.3900  -14.3014
    0.4000  -14.3120
    0.4100  -14.3226
    0.4200  -14.3332
    0.4300  -14.3439
    0.4400  -14.3546
    0.4500  -14.3653
    0.4600  -14.3760
    0.4700  -14.3867
    0.4800  -14.3974
    0.4900  -14.4080
    0.5000  -14.4187
    0.5100  -14.4292
    0.5200  -14.4397
    0.5300  -14.4502
    0.5400  -14.4606
    0.5500  -14.4708
    0.5600  -14.4810
    0.5700  -14.4911
    0.5800  -14.5011
    0.5900  -14.5109
    0.6000  -14.5206
    0.6100  -14.5302
    0.6200  -14.5396
    0.6300  -14.5489
    0.6400  -14.5580
    0.6500  -14.5669
    0.6600  -14.5757
    0.6700  -14.5843
    0.6800  -14.5927
    0.6900  -14.6009
    0.7000  -14.6089
    0.7100  -14.6167
    0.7200  -14.6243
    0.7300  -14.6316
    0.7400  -14.6388
    0.7500  -14.6457
    0.7600  -14.6524
    0.7700  -14.6588
    0.7800  -14.6650
    0.7900  -14.6710
    0.8000  -14.6767
    0.8100  -14.6821
    0.8200  -14.6873
    0.8300  -14.6922
    0.8400  -14.6969
    0.8500  -14.7013
    0.8600  -14.7054
    0.8700  -14.7093
    0.8800  -14.7129
    0.8900  -14.7162
    0.9000  -14.7192
    0.9100  -14.7219
    0.9200  -14.7244
    0.9300  -14.7266
    0.9400  -14.7284
    0.9500  -14.7300
    0.9600  -14.7313
    0.9700  -14.7324
    0.9800  -14.7331
    0.9900  -14.7335
    1.0000  -14.7337

    0.0000  -14.0532
    0.0100  -14.0532
    0.0200  -14.0534
    0.0300  -14.0536
    0.0400  -14.0538
    0.0500  -14.0542
    0.0600  -14.0546
    0.0700  -14.0552
    0.0800  -14.0558
    0.0900  -14.0564
    0.1000  -14.0572
    0.1100  -14.0580
    0.1200  -14.0589
    0.1300  -14.0599
    0.1400  -14.0610
    0.1500  -14.0621
    0.1600  -14.0633
    0.1700  -14.0646
    0.1800  -14.0659
    0.1900  -14.0673
    0.2000  -14.0688
    0.2100  -14.0704
    0.2200  -14.0720
    0.2300  -14.0736
    0.2400  -14.0753
    0.2500  -14.0771
    0.2600  -14.0790
    0.2700  -14.0809
    0.2800  -14.0828
    0.2900  -14.0848
    0.3000  -14.0869
    0.3100  -14.0889
    0.3200  -14.0911
    0.3300  -14.0933
    0.3400  -14.0955
    0.3500  -14.0977
    0.3600  -14.1000
    0.3700  -14.1024
    0.3800  -14.1047
    0.3900  -14.1071
    0.4000  -14.1095
    0.4100  -14.1119
    0.4200  -14.1144
    0.4300  -14.1169
    0.4400  -14.1194
    0.4500  -14.1219
    0.4600  -14.1244
    0.4700  -14.1269
    0.4800  -14.1294
    0.4900  -14.1320
    0.5000  -14.1345
    0.5100  -14.1371
    0.5200  -14.1396
    0.5300  -14.1421
    0.5400  -14.1446
    0.5500  -14.1471
    0.5600  -14.1496
    0.5700  -14.1521
    0.5800  -14.1546
    0.5900  -14.1570
    0.6000  -14.1594
    0.6100  -14.1618
    0.6200  -14.1642
    0.6300  -14.1665
    0.6400  -14.1688
    0.6500  -14.1711
    0.6600  -14.1733
    0.6700  -14.1755
    0.6800  -14.1776
    0.6900  -14.1797
    0.7000  -14.1818
    0.7100  -14.1838
    0.7200  -14.1858
    0.7300  -14.1877
    0.7400  -14.1895
    0.7500  -14.1913
    0.7600  -14.1931
    0.7700  -14.1948
    0.7800  -14.1964
    0.7900  -14.1980
    0.8000  -14.1995
    0.8100  -14.2009
    0.8200  -14.2023
    0.8300  -14.2036
    0.8400  -14.2049
    0.8500  -14.2060
    0.8600  -14.2071
    0.8700  -14.2082
    0.8800  -14.2091
    0.8900  -14.2100
    0.9000  -14.2108
    0.9100  -14.2116
    0.9200  -14.2122
    0.9300  -14.2128
    0.9400  -14.2133
    0.9500  -14.2137
    0.9600  -14.2141
    0.9700  -14.2144
    0.9800  -14.2146
    0.9900  -14.2147
    1.0000  -14.2147

    0.0000  -14.0532
    0.0100  -14.0532
    0.0200  -14.0534
    0.0300  -14.0536
    0.0400  -14.0538
    0.0500  -14.0542
    0.0600  -14.0546
    0.0700  -14.0552
    0.0800  -14.0558
    0.0900  -14.0564
    0.1000  -14.0572
    0.1100  -14.0580
    0.1200  -14.0589
    0.1300  -14.0599
    0.1400  -14.0610
    0.1500  -14.0621
    0.1600  -14.0633
    0.1700  -14.0646
    0.1800  -14.0659
    0.1900  -14.0673
    0.2000  -14.0688
    0.2100  -14.0704
    0.2200  -14.0720
    0.2300  -14.0736
    0.2400  -14.0753
    0.2500  -14.0771
    0.2600  -14.0790
    0.2700  -14.0809
    0.2800  -14.0828
    0.2900  -14.0848
    0.3000  -14.0869
    0.3100  -14.0889
    0.3200  -14.0911
    0.3300  -14.0933
    0.3400  -14.0955
    0.3500  -14.0977
    0.3600  -14.1000
    0.3700  -14.1024
    0.3800  -14.1047
    0.3900  -14.1071
    0.4000  -14.1095
    0.4100  -14.1119
    0.4200  -14.1144
    0.4300  -14.1169
    0.4400  -14.1194
    0.4500  -14.1219
    0.4600  -14.1244
    0.4700  -14.1269
    0.4800  -14.1294
    0.4900  -14.1320
    0.5000  -14.1345
    0.5100  -14.1371
    0.5200  -14.1396
    0.5300  -14.1421
    0.5400  -14.1446
    0.5500  -14.1471
    0.5600  -14.1496
    0.5700  -14.1521
    0.5800  -14.1546
    0.5900  -14.1570
    0.6000  -14.1594
    0.6100  -14.1618
    0.6200  -14.1642
    0.6300  -14.1665
    0.6400  -14.1688
    0.6500  -14.1711
    0.6600  -14.1733
    0.6700  -14.1755
    0.6800  -14.1776
    0.6900  -14.1797
    0.7000  -14.1818
    0.7100  -14.1838
    0.7200  -14.1858
    0.7300  -14.1877
    0.7400  -14.1895
    0.7500  -14.1913
    0.7600  -14.1931
    0.7700  -14.1948
    0.7800  -14.1964
    0.7900  -14.1980
    0.8000  -14.1995
    0.8100  -14.2009
    0.8200  -14.2023
    0.8300  -14.2036
    0.8400  -14.2049
    0.8500  -14.2060
    0.8600  -14.2071
    0.8700  -14.2082
    0.8800  -14.2091
    0.8900  -14.2100
    0.9000  -14.2108
    0.9100  -14.2116
    0.9200  -14.2122
    0.9300  -14.2128
    0.9400  -14.2133
    0.9500  -14.2137
    0.9600  -14.2141
    0.9700  -14.2144
    0.9800  -14.2146
    0.9900  -14.2147
    1.0000  -14.2147

    0.0000   -6.1648
    0.0100   -6.1644
    0.0200   -6.1629
    0.0300   -6.1606
    0.0400   -6.1573
    0.0500   -6.1531
    0.0600   -6.1479
    0.0700   -6.1418
    0.0800   -6.1348
    0.0900   -6.1269
    0.1000   -6.1180
    0.1100   -6.1083
    0.1200   -6.0977
    0.1300   -6.0862
    0.1400   -6.0738
    0.1500   -6.0606
    0.1600   -6.0465
    0.1700   -6.0316
    0.1800   -6.0159
    0.1900   -5.9994
    0.2000   -5.9821
    0.2100   -5.9640
    0.2200   -5.9452
    0.2300   -5.9256
    0.2400   -5.9053
    0.2500   -5.8843
    0.2600   -5.8626
    0.2700   -5.8403
    0.2800   -5.8173
    0.2900   -5.7937
    0.3000   -5.7695
    0.3100   -5.7447
    0.3200   -5.7193
    0.3300   -5.6934
    0.3400   -5.6670
    0.3500   -5.6401
    0.3600   -5.6127
    0.3700   -5.5849
    0.3800   -5.5566
    0.3900   -5.5280
    0.4000   -5.4990
    0.4100   -5.4696
    0.4200   -5.4399
    0.4300   -5.4100
    0.4400   -5.3797
    0.4500   -5.3492
    0.4600   -5.3185
    0.4700   -5.2877
    0.4800   -5.2566
    0.4900   -5.2254
    0.5000   -5.1941
    0.5100   -5.1628
    0.5200   -5.1314
    0.5300   -5.0999
    0.5400   -5.0685
    0.5500   -5.0371
    0.5600   -5.0058
    0.5700   -4.9746
    0.5800   -4.9435
    0.5900   -4.9125
    0.6000   -4.8818
    0.6100   -4.8513
    0.6200   -4.8210
    0.6300   -4.7910
    0.6400   -4.7613
    0.6500   -4.7319
    0.6600   -4.7030
    0.6700   -4.6744
    0.6800   -4.6462
    0.6900   -4.6186
    0.7000   -4.6273
    0.7100   -4.6404
    0.7200   -4.6530
    0.7300   -4.6653
    0.7400   -4.6772
    0.7500   -4.6888
    0.7600   -4.6999
    0.7700   -4.7106
    0.7800   -4.7209
    0.7900   -4.7308
    0.8000   -4.7403
    0.8100   -4.7494
    0.8200   -4.7580
    0.8300   -4.7662
    0.8400   -4.7739
    0.8500   -4.7812
    0.8600   -4.7880
    0.8700   -4.7944
    0.8800   -4.8003
    0.8900   -4.8058
    0.9000   -4.8108
    0.9100   -4.8153
    0.9200   -4.8194
    0.9300   -4.8230
    0.9400   -4.8261
    0.9500   -4.8287
    0.9600   -4.8309
    0.9700   -4.8326
    0.9800   -4.8338
    0.9900   -4.8345
    1.0000   -4.8347

    0.0000   -3.6625
    0.0100   -3.6628
    0.0200   -3.6639
    0.0300   -3.6657
    0.0400   -3.6682
    0.0500   -3.6714
    0.0600   -3.6752
    0.0700   -3.6798
    0.0800   -3.6851
    0.0900   -3.6910
    0.1000   -3.6976
    0.1100   -3.7049
    0.1200   -3.7128
    0.1300   -3.7213
    0.1400   -3.7304
    0.1500   -3.7401
    0.1600   -3.7504
    0.1700   -3.7613
    0.1800   -3.7727
    0.1900   -3.7847
    0.2000   -3.7971
    0.2100   -3.8101
    0.2200   -3.8235
    0.2300   -3.8374
    0.2400   -3.8517
    0.2500   -3.8664
    0.2600   -3.8815
    0.2700   -3.8969
    0.2800   -3.9128
    0.2900   -3.9289
    0.3000   -3.9453
    0.3100   -3.9621
    0.3200   -3.9791
    0.3300   -3.9963
    0.3400   -4.0137
    0.3500   -4.0314
    0.3600   -4.0492
    0.3700   -4.0672
    0.3800   -4.0853
    0.3900   -4.1035
    0.4000   -4.1218
    0.4100   -4.1402
    0.4200   -4.1586
    0.4300   -4.1770
    0.4400   -4.1955
    0.4500   -4.2140
    0.4600   -4.2325
    0.4700   -4.2509
    0.4800   -4.2692
    0.4900   -4.2875
    0.5000   -4.3057
    0.5100   -4.3237
    0.5200   -4.3417
    0.5300   -4.3595
    0.5400   -4.3771
    0.5500   -4.3946
    0.5600   -4.4119
    0.5700   -4.4290
    0.5800   -4.4459
    0.5900   -4.4625
    0.6000   -4.4790
    0.6100   -4.4951
    0.6200   -4.5110
    0.6300   -4.5266
    0.6400   -4.5420
    0.6500   -4.5570
    0.6600   -4.5717
    0.6700   -4.5861
    0.6800   -4.6002
    0.6900   -4.6140
    0.7000   -4.5914
    0.7100   -4.5647
    0.7200   -4.5386
    0.7300   -4.5131
    0.7400   -4.4882
    0.7500   -4.4639
    0.7600   -4.4404
    0.7700   -4.4175
    0.7800   -4.3954
    0.7900   -4.3740
    0.8000   -4.3534
    0.8100   -4.3336
    0.8200   -4.3147
    0.8300   -4.2966
    0.8400   -4.2794
    0.8500   -4.2632
    0.8600   -4.2479
    0.8700   -4.2335
    0.8800   -4.2201
    0.8900   -4.2077
    0.9000   -4.1963
    0.9100   -4.1860
    0.9200   -4.1767
    0.9300   -4.1685
    0.9400   -4.1613
    0.9500   -4.1552
    0.9600   -4.1503
    0.9700   -4.1464
    0.9800   -4.1436
    0.9900   -4.1419
    1.0000   -4.1414

    0.0000    6.8142
    0.0100    6.8145
    0.0200    6.8153
    0.0300    6.8168
    0.0400    6.8188
    0.0500    6.8214
    0.0600    6.8245
    0.0700    6.8283
    0.0800    6.8326
    0.0900    6.8375
    0.1000    6.8429
    0.1100    6.8489
    0.1200    6.8555
    0.1300    6.8627
    0.1400    6.8704
    0.1500    6.8788
    0.1600    6.8876
    0.1700    6.8971
    0.1800    6.9071
    0.1900    6.9177
    0.2000    6.9288
    0.2100    6.9406
    0.2200    6.9528
    0.2300    6.9657
    0.2400    6.9791
    0.2500    6.9931
    0.2600    7.0076
    0.2700    7.0227
    0.2800    7.0383
    0.2900    7.0545
    0.3000    7.0713
    0.3100    7.0886
    0.3200    7.1064
    0.3300    7.1248
    0.3400    7.1437
    0.3500    7.1631
    0.3600    7.1831
    0.3700    7.2036
    0.3800    7.2247
    0.3900    7.2462
    0.4000    7.2683
    0.4100    7.2909
    0.4200    7.3140
    0.4300    7.3376
    0.4400    7.3617
    0.4500    7.3862
    0.4600    7.4113
    0.4700    7.4368
    0.4800    7.4628
    0.4900    7.4892
    0.5000    7.5161
    0.5100    7.5434
    0.5200    7.5712
    0.5300    7.5993
    0.5400    7.6279
    0.5500    7.6569
    0.5600    7.6862
    0.5700    7.7159
    0.5800    7.6986
    0.5900    7.6310
    0.6000    7.5646
    0.6100    7.4992
    0.6200    7.4349
    0.6300    7.3719
    0.6400    7.3100
    0.6500    7.2494
    0.6600    7.1901
    0.6700    7.1320
    0.6800    7.0753
    0.6900    7.0200
    0.7000    6.9660
    0.7100    6.9135
    0.7200    6.8624
    0.7300    6.8128
    0.7400    6.7648
    0.7500    6.7182
    0.7600    6.6733
    0.7700    6.6299
    0.7800    6.5882
    0.7900    6.5481
    0.8000    6.5096
    0.8100    6.4729
    0.8200    6.4379
    0.8300    6.4047
    0.8400    6.3732
    0.8500    6.3435
    0.8600    6.3156
    0.8700    6.2896
    0.8800    6.2654
    0.8900    6.2431
    0.9000    6.2226
    0.9100    6.2041
    0.9200    6.1875
    0.9300    6.1728
    0.9400    6.1600
    0.9500    6.1492
    0.9600    6.1403
    0.9700    6.1334
    0.9800    6.1285
    0.9900    6.1255
    1.0000    6.1245

    0.0000    6.8142
    0.0100    6.8145
    0.0200    6.8153
    0.0300    6.8168
    0.0400    6.8188
    0.0500    6.8214
    0.0600    6.8245
    0.0700    6.8283
    0.0800    6.8326
    0.0900    6.8375
    0.1000    6.8429
    0.1100    6.8489
    0.1200    6.8555
    0.1300    6.8627
    0.1400    6.8704
    0.1500    6.8788
    0.1600    6.8876
    0.1700    6.8971
    0.1800    6.9071
    0.1900    6.9177
    0.2000    6.9288
    0.2100    6.9406
    0.2200    6.9528
    0.2300    6.9657
    0.2400    6.9791
    0.2500    6.9931
    0.2600    7.0076
    0.2700    7.0227
    0.2800    7.0383
    0.2900    7.0545
    0.3000    7.0713
    0.3100    7.0886
    0.3200    7.1064
    0.3300    7.1248
    0.3400    7.1437
    0.3500    7.1631
    0.3600    7.1831
    0.3700    7.2036
    0.3800    7.2247
    0.3900    7.2462
    0.4000    7.2683
    0.4100    7.2909
    0.4200    7.3140
    0.4300    7.3376
    0.4400    7.3617
    0.4500    7.3862
    0.4600    7.4113
    0.4700    7.4368
    0.4800    7.4628
    0.4900    7.4892
    0.5000    7.5161
    0.5100    7.5434
    0.5200    7.5712
    0.5300    7.5993
    0.5400    7.6279
    0.5500    7.6569
    0.5600    7.6862
    0.5700    7.7159
    0.5800    7.7460
    0.5900    7.7764
    0.6000    7.8071
    0.6100    7.8381
    0.6200    7.8694
    0.6300    7.9010
    0.6400    7.9328
    0.6500    7.9648
    0.6600    7.9970
    0.6700    8.0294
    0.6800    8.0619
    0.6900    8.0946
    0.7000    8.1273
    0.7100    8.1600
    0.7200    8.1928
    0.7300    8.2256
    0.7400    8.2582
    0.7500    8.2907
    0.7600    8.3231
    0.7700    8.3552
    0.7800    8.3871
    0.7900    8.4186
    0.8000    8.4497
    0.8100    8.4803
    0.8200    8.5103
    0.8300    8.5397
    0.8400    8.5683
    0.8500    8.5961
    0.8600    8.6229
    0.8700    8.6487
    0.8800    8.6733
    0.8900    8.6966
    0.9000    8.7185
    0.9100    8.7389
    0.9200    8.7575
    0.9300    8.7744
    0.9400    8.7893
    0.9500    8.8021
    0.9600    8.8128
    0.9700    8.8212
    0.9800    8.8273
    0.9900    8.8309
    1.0000    8.8322

    0.0000    6.8142
    0.0100    6.8152
    0.0200    6.8182
    0.0300    6.8232
    0.0400    6.8302
    0.0500    6.8392
    0.0600    6.8502
    0.0700    6.8631
    0.0800    6.8780
    0.0900    6.8949
    0.1000    6.9137
    0.1100    6.9344
    0.1200    6.9571
    0.1300    6.9816
    0.1400    7.0080
    0.1500    7.0363
    0.1600    7.0664
    0.1700    7.0983
    0.1800    7.1319
    0.1900    7.1674
    0.2000    7.2046
    0.2100    7.2435
    0.2200    7.2841
    0.2300    7.3264
    0.2400    7.3702
    0.2500    7.4157
    0.2600    7.4628
    0.2700    7.5114
    0.2800    7.5615
    0.2900    7.6131
    0.3000    7.6661
    0.3100    7.7206
    0.3200    7.7764
    0.3300    7.8335
    0.3400    7.8920
    0.3500    7.9518
    0.3600    8.0128
    0.3700    8.0749
    0.3800    8.1383
    0.3900    8.2028
    0.4000    8.2683
    0.4100    8.3350
    0.4200    8.4026
    0.4300    8.4712
    0.4400    8.5408
    0.4500    8.6112
    0.4600    8.5800
    0.4700    8.5024
    0.4800    8.4254
    0.4900    8.3491
    0.5000    8.2735
    0.5100    8.1987
    0.5200    8.1246
    0.5300    8.0513
    0.5400    7.9789
    0.5500    7.9074
    0.5600    7.8368
    0.5700    7.7672
    0.5800    7.7460
    0.5900    7.7764
    0.6000    7.8071
    0.6100    7.8381
    0.6200    7.8694
    0.6300    7.9010
    0.6400    7.9328
    0.6500    7.9648
    0.6600    7.9970
    0.6700    8.0294
    0.6800    8.0619
    0.6900    8.0946
    0.7000    8.1273
    0.7100    8.1600
    0.7200    8.1928
    0.7300    8.2256
    0.7400    8.2582
    0.7500    8.2907
    0.7600    8.3231
    0.7700    8.3552
    0.7800    8.3871
    0.7900    8.4186
    0.8000    8.4497
    0.8100    8.4803
    0.8200    8.5103
    0.8300    8.5397
    0.8400    8.5683
    0.8500    8.5961
    0.8600    8.6229
    0.8700    8.6487
    0.8800    8.6733
    0.8900    8.6966
    0.9000    8.7185
    0.9100    8.7389
    0.9200    8.7575
    0.9300    8.7744
    0.9400    8.7893
    0.9500    8.8021
    0.9600    8.8128
    0.9700    8.8212
    0.9800    8.8273
    0.9900    8.8309
    1.0000    8.8322

    0.0000   11.4275
    0.0100   11.4251
    0.0200   11.4179
    0.0300   11.4060
    0.0400   11.3894
    0.0500   11.3682
    0.0600   11.3426
    0.0700   11.3127
    0.0800   11.2787
    0.0900   11.2407
    0.1000   11.1990
    0.1100   11.1537
    0.1200   11.1050
    0.1300   11.0531
    0.1400   10.9983
    0.1500   10.9407
    0.1600   10.8806
    0.1700   10.8181
    0.1800   10.7533
    0.1900   10.6866
    0.2000   10.6180
    0.2100   10.5477
    0.2200   10.4759
    0.2300   10.4027
    0.2400   10.3283
    0.2500   10.2527
    0.2600   10.1761
    0.2700   10.0986
    0.2800   10.0204
    0.2900    9.9415
    0.3000    9.8621
    0.3100    9.7822
    0.3200    9.7019
    0.3300    9.6214
    0.3400    9.5406
    0.3500    9.4597
    0.3600    9.3787
    0.3700    9.2978
    0.3800    9.2169
    0.3900    9.1362
    0.4000    9.0557
    0.4100    8.9754
    0.4200    8.8955
    0.4300    8.8159
    0.4400    8.7368
    0.4500    8.6581
    0.4600    8.6825
    0.4700    8.7546
    0.4800    8.8274
    0.4900    8.9010
    0.5000    8.9753
    0.5100    9.0502
    0.5200    9.1256
    0.5300    9.2016
    0.5400    9.2781
    0.5500    9.3551
    0.5600    9.4324
    0.5700    9.5100
    0.5800    9.5879
    0.5900    9.6661
    0.6000    9.7444
    0.6100    9.8228
    0.6200    9.9012
    0.6300    9.9796
    0.6400   10.0580
    0.6500   10.1361
    0.6600   10.2140
    0.6700   10.2916
    0.6800   10.3689
    0.6900   10.4456
    0.7000   10.5218
    0.7100   10.5973
    0.7200   10.6721
    0.7300   10.7460
    0.7400   10.8190
    0.7500   10.8909
    0.7600   10.8920
    0.7700   10.8668
    0.7800   10.8415
    0.7900   10.8162
    0.8000   10.7910
    0.8100   10.7659
    0.8200   10.7410
    0.8300   10.7164
    0.8400   10.6923
    0.8500   10.6687
    0.8600   10.6457
    0.8700   10.6234
    0.8800   10.6021
    0.8900   10.5817
    0.9000   10.5625
    0.9100   10.5445
    0.9200   10.5280
    0.9300   10.5130
    0.9400   10.4997
    0.9500   10.4882
    0.9600   10.4786
    0.9700   10.4711
    0.9800   10.4656
    0.9900   10.4623
    1.0000   10.4612

    0.0000   11.4275
    0.0100   11.4276
    0.0200   11.4278
    0.0300   11.4282
    0.0400   11.4287
    0.0500   11.4294
    0.0600   11.4302
    0.0700   11.4311
    0.0800   11.4322
    0.0900   11.4334
    0.1000   11.4346
    0.1100   11.4360
    0.1200   11.4375
    0.1300   11.4391
    0.1400   11.4407
    0.1500   11.4423
    0.1600   11.4440
    0.1700   11.4457
    0.1800   11.4475
    0.1900   11.4492
    0.2000   11.4508
    0.2100   11.4525
    0.2200   11.4540
    0.2300   11.4555
    0.2400   11.4568
    0.2500   11.4580
    0.2600   11.4591
    0.2700   11.4599
    0.2800   11.4606
    0.2900   11.4611
    0.3000   11.4613
    0.3100   11.4612
    0.3200   11.4608
    0.3300   11.4601
    0.3400   11.4591
    0.3500   11.4576
    0.3600   11.4558
    0.3700   11.4536
    0.3800   11.4509
    0.3900   11.4478
    0.4000   11.4441
    0.4100   11.4400
    0.4200   11.4353
    0.4300   11.4301
    0.4400   11.4242
    0.4500   11.4178
    0.4600   11.4108
    0.4700   11.4031
    0.4800   11.3948
    0.4900   11.3859
    0.5000   11.3762
    0.5100   11.3659
    0.5200   11.3549
    0.5300   11.3431
    0.5400   11.3307
    0.5500   11.3175
    0.5600   11.3036
    0.5700   11.2890
    0.5800   11.2737
    0.5900   11.2576
    0.6000   11.2409
    0.6100   11.2234
    0.6200   11.2053
    0.6300   11.1865
    0.6400   11.1670
    0.6500   11.1469
    0.6600   11.1262
    0.6700   11.1049
    0.6800   11.0830
    0.6900   11.0606
    0.7000   11.0376
    0.7100   11.0143
    0.7200   10.9905
    0.7300   10.9663
    0.7400   10.9418
    0.7500   10.9170
    0.7600   10.8920
    0.7700   10.8668
    0.7800   10.8415
    0.7900   10.8162
    0.8000   10.7910
    0.8100   10.7659
    0.8200   10.7410
    0.8300   10.7164
    0.8400   10.6923
    0.8500   10.6687
    0.8600   10.6457
    0.8700   10.6234
    0.8800   10.6021
    0.8900   10.5817
    0.9000   10.5625
    0.9100   10.5445
    0.9200   10.5280
    0.9300   10.5130
    0.9400   10.4997
    0.9500   10.4882
    0.9600   10.4786
    0.9700   10.4711
    0.9800   10.4656
    0.9900   10.4623
    1.0000   10.4612

    0.0000   11.4275
    0.0100   11.4276
    0.0200   11.4278
    0.0300   11.4282
    0.0400   11.4287
    0.0500   11.4294
    0.0600   11.4302
    0.0700   11.4311
    0.0800   11.4322
    0.0900   11.4334
    0.1000   11.4346
    0.1100   11.4360
    0.1200   11.4375
    0.1300   11.4391
    0.1400   11.4407
    0.1500   11.4423
    0.1600   11.4440
    0.1700   11.4457
    0.1800   11.4475
    0.1900   11.4492
    0.2000   11.4508
    0.2100   11.4525
    0.2200   11.4540
    0.2300   11.4555
    0.2400   11.4568
    0.2500   11.4580
    0.2600   11.4591
    0.2700   11.4599
    0.2800   11.4606
    0.2900   11.4611
    0.3000   11.4613
    0.3100   11.4612
    0.3200   11.4608
    0.3300   11.4601
    0.3400   11.4591
    0.3500   11.4576
    0.3600   11.4558
    0.3700   11.4536
    0.3800   11.4509
    0.3900   11.4478
    0.4000   11.4441
    0.4100   11.4400
    0.4200   11.4353
    0.4300   11.4301
    0.4400   11.4242
    0.4500   11.4178
    0.4600   11.4108
    0.4700   11.4031
    0.4800   11.3948
    0.4900   11.3859
    0.5000   11.3762
    0.5100   11.3659
    0.5200   11.3549
    0.5300   11.3431
    0.5400   11.3307
    0.5500   11.3175
    0.5600   11.3036
    0.5700   11.2890
    0.5800   11.2737
    0.5900   11.2576
    0.6000   11.2409
    0.6100   11.2234
    0.6200   11.2053
    0.6300   11.1865
    0.6400   11.1670
    0.6500   11.1469
    0.6600   11.1262
    0.6700   11.1049
    0.6800   11.0830
    0.6900   11.0606
    0.7000   11.0376
    0.7100   11.0143
    0.7200   10.9905
    0.7300   10.9663
    0.7400   10.9418
    0.7500   10.9170
    0.7600   10.9617
    0.7700   11.0311
    0.7800   11.0992
    0.7900   11.1657
    0.8000   11.2306
    0.8100   11.2937
    0.8200   11.3548
    0.8300   11.4139
    0.8400   11.4707
    0.8500   11.5251
    0.8600   11.5770
    0.8700   11.6261
    0.8800   11.6725
    0.8900   11.7158
    0.9000   11.7560
    0.9100   11.7929
    0.9200   11.8263
    0.9300   11.8561
    0.9400   11.8823
    0.9500   11.9046
    0.9600   11.9230
    0.9700   11.9374
    0.9800   11.9477
    0.9900   11.9540
    1.0000   11.9560

    0.0000   15.2580
    0.0100   15.2583
    0.0200   15.2591
    0.0300   15.2605
    0.0400   15.2624
    0.0500   15.2649
    0.0600   15.2679
    0.0700   15.2714
    0.0800   15.2755
    0.0900   15.2801
    0.1000   15.2853
    0.1100   15.2910
    0.1200   15.2972
    0.1300   15.3039
    0.1400   15.3112
    0.1500   15.3190
    0.1600   15.3273
    0.1700   15.3361
    0.1800   15.3454
    0.1900   15.3552
    0.2000   15.3655
    0.2100   15.3763
    0.2200   15.3875
    0.2300   15.3993
    0.2400   15.4115
    0.2500   15.4241
    0.2600   15.4372
    0.2700   15.4508
    0.2800   15.4648
    0.2900   15.4792
    0.3000   15.4940
    0.3100   15.5093
    0.3200   15.5249
    0.3300   15.5409
    0.3400   15.5573
    0.3500   15.5741
    0.3600   15.5912
    0.3700   15.6086
    0.3800   15.6264
    0.3900   15.6445
    0.4000   15.6629
    0.4100   15.6815
    0.4200   15.7005
    0.4300   15.7197
    0.4400   15.7391
    0.4500   15.7588
    0.4600   15.7787
    0.4700   15.7988
    0.4800   15.8190
    0.4900   15.8394
    0.5000   15.8600
    0.5100   15.8807
    0.5200   15.9015
    0.5300   15.9223
    0.5400   15.9433
    0.5500   15.9642
    0.5600   15.9852
    0.5700   16.0063
    0.5800   16.0272
    0.5900   16.0306
    0.6000   16.0235
    0.6100   16.0157
    0.6200   16.0072
    0.6300   15.9982
    0.6400   15.9887
    0.6500   15.9786
    0.6600   15.9682
    0.6700   15.9574
    0.6800   15.9463
    0.6900   15.9350
    0.7000   15.9234
    0.7100   15.9117
    0.7200   15.8998
    0.7300   15.8879
    0.7400   15.8760
    0.7500   15.8642
    0.7600   15.8524
    0.7700   15.8407
    0.7800   15.8293
    0.7900   15.8180
    0.8000   15.8070
    0.8100   15.7963
    0.8200   15.7859
    0.8300   15.7759
    0.8400   15.7662
    0.8500   15.7570
    0.8600   15.7483
    0.8700   15.7400
    0.8800   15.7323
    0.8900   15.7251
    0.9000   15.7184
    0.9100   15.7123
    0.9200   15.7068
    0.9300   15.7019
    0.9400   15.6977
    0.9500   15.6940
    0.9600   15.6911
    0.9700   15.6887
    0.9800   15.6870
    0.9900   15.6860
    1.0000   15.6857

    0.0000   15.2580
    0.0100   15.2592
    0.0200   15.2626
    0.0300   15.2682
    0.0400   15.2759
    0.0500   15.2858
    0.0600   15.2976
    0.0700   15.3113
    0.0800   15.3267
    0.0900   15.3436
    0.1000   15.3620
    0.1100   15.3817
    0.1200   15.4025
    0.1300   15.4243
    0.1400   15.4469
    0.1500   15.4701
    0.1600   15.4940
    0.1700   15.5182
    0.1800   15.5427
    0.1900   15.5674
    0.2000   15.5922
    0.2100   15.6170
    0.2200   15.6416
    0.2300   15.6660
    0.2400   15.6902
    0.2500   15.7140
    0.2600   15.7374
    0.2700   15.7603
    0.2800   15.7827
    0.2900   15.8044
    0.3000   15.8256
    0.3100   15.8460
    0.3200   15.8657
    0.3300   15.8845
    0.3400   15.9026
    0.3500   15.9198
    0.3600   15.9361
    0.3700   15.9515
    0.3800   15.9659
    0.3900   15.9793
    0.4000   15.9917
    0.4100   16.0031
    0.4200   16.0135
    0.4300   16.0227
    0.4400   16.0310
    0.4500   16.0381
    0.4600   16.0441
    0.4700   16.0491
    0.4800   16.0530
    0.4900   16.0559
    0.5000   16.0576
    0.5100   16.0584
    0.5200   16.0581
    0.5300   16.0569
    0.5400   16.0547
    0.5500   16.0516
    0.5600   16.0476
    0.5700   16.0427
    0.5800   16.0371
    0.5900   16.0482
    0.6000   16.0691
    0.6100   16.0899
    0.6200   16.1106
    0.6300   16.1312
    0.6400   16.1516
    0.6500   16.1718
    0.6600   16.1919
    0.6700   16.2117
    0.6800   16.2313
    0.6900   16.2506
    0.7000   16.2696
    0.7100   16.2883
    0.7200   16.3066
    0.7300   16.3246
    0.7400   16.3422
    0.7500   16.3593
    0.7600   16.3760
    0.7700   16.3923
    0.7800   16.4080
    0.7900   16.4233
    0.8000   16.4380
    0.8100   16.4521
    0.8200   16.4657
    0.8300   16.4786
    0.8400   16.4910
    0.8500   16.5027
    0.8600   16.5137
    0.8700   16.5241
    0.8800   16.5338
    0.8900   16.5427
    0.9000   16.5509
    0.9100   16.5584
    0.9200   16.5652
    0.9300   16.5711
    0.9400   16.5763
    0.9500   16.5807
    0.9600   16.5844
    0.9700   16.5872
    0.9800   16.5892
    0.9900   16.5904
    1.0000   16.5908

    0.0000   18.3978
    0.0100   18.3991
    0.0200   18.4029
    0.0300   18.4093
    0.0400   18.4183
    0.0500   18.4297
    0.0600   18.4436
    0.0700   18.4599
    0.0800   18.4786
    0.0900   18.4996
    0.1000   18.5229
    0.1100   18.5484
    0.1200   18.5760
    0.1300   18.6056
    0.1400   18.6371
    0.1500   18.6705
    0.1600   18.7057
    0.1700   18.7425
    0.1800   18.7810
    0.1900   18.8209
    0.2000   18.8622
    0.2100   18.9048
    0.2200   18.9485
    0.2300   18.9934
    0.2400   19.0394
    0.2500   19.0862
    0.2600   19.1340
    0.2700   19.1825
    0.2800   19.2318
    0.2900   19.2817
    0.3000   19.3323
    0.3100   19.3835
    0.3200   19.4352
    0.3300   19.4874
    0.3400   19.5402
    0.3500   19.5935
    0.3600   19.6472
    0.3700   19.7015
    0.3800   19.7563
    0.3900   19.8116
    0.4000   19.8674
    0.4100   19.9239
    0.4200   19.9675
    0.4300   19.9326
    0.4400   19.8983
    0.4500   19.8645
    0.4600   19.8312
    0.4700   19.7985
    0.4800   19.7665
    0.4900   19.7352
    0.5000   19.7045
    0.5100   19.6745
    0.5200   19.6453
    0.5300   19.6168
    0.5400   19.5891
    0.5500   19.5622
    0.5600   19.5361
    0.5700   19.5108
    0.5800   19.4786
    0.5900   19.4237
    0.6000   19.3682
    0.6100   19.3121
    0.6200   19.2556
    0.6300   19.1986
    0.6400   19.1412
    0.6500   19.0836
    0.6600   19.0256
    0.6700   18.9675
    0.6800   18.9092
    0.6900   18.8509
    0.7000   18.7926
    0.7100   18.7344
    0.7200   18.6764
    0.7300   18.6187
    0.7400   18.5614
    0.7500   18.5046
    0.7600   18.4484
    0.7700   18.3928
    0.7800   18.3381
    0.7900   18.2844
    0.8000   18.2317
    0.8100   18.1802
    0.8200   18.1301
    0.8300   18.0815
    0.8400   18.0345
    0.8500   17.9893
    0.8600   17.9461
    0.8700   17.9050
    0.8800   17.8661
    0.8900   17.8296
    0.9000   17.7957
    0.9100   17.7645
    0.9200   17.7361
    0.9300   17.7107
    0.9400   17.6884
    0.9500   17.6694
    0.9600   17.6537
    0.9700   17.6413
    0.9800   17.6325
    0.9900   17.6272
    1.0000   17.6254

    0.0000   21.1045
    0.0100   21.1035
    0.0200   21.1005
    0.0300   21.0957
    0.0400   21.0889
    0.0500   21.0801
    0.0600   21.0696
    0.0700   21.0571
    0.0800   21.0429
    0.0900   21.0270
    0.1000   21.0093
    0.1100   20.9901
    0.1200   20.9692
    0.1300   20.9469
    0.1400   20.9231
    0.1500   20.8979
    0.1600   20.8714
    0.1700   20.8437
    0.1800   20.8149
    0.1900   20.7850
    0.2000   20.7541
    0.2100   20.7223
    0.2200   20.6896
    0.2300   20.6562
    0.2400   20.6221
    0.2500   20.5873
    0.2600   20.5520
    0.2700   20.5163
    0.2800   20.4801
    0.2900   20.4436
    0.3000   20.4069
    0.3100   20.3699
    0.3200   20.3328
    0.3300   20.2957
    0.3400   20.2585
    0.3500   20.2214
    0.3600   20.1844
    0.3700   20.1475
    0.3800   20.1109
    0.3900   20.0745
    0.4000   20.0384
    0.4100   20.0027
    0.4200   19.9675
    0.4300   19.9326
    0.4400   19.8983
    0.4500   19.8645
    0.4600   19.8312
    0.4700   19.7985
    0.4800   19.7665
    0.4900   19.7352
    0.5000   19.7045
    0.5100   19.6745
    0.5200   19.6453
    0.5300   19.6168
    0.5400   19.5891
    0.5500   19.5622
    0.5600   19.5361
    0.5700   19.5108
    0.5800   19.4863
    0.5900   19.4627
    0.6000   19.4399
    0.6100   19.4179
    0.6200   19.3968
    0.6300   19.3765
    0.6400   19.3570
    0.6500   19.3383
    0.6600   19.3205
    0.6700   19.3034
    0.6800   19.2872
    0.6900   19.2717
    0.7000   19.2570
    0.7100   19.2431
    0.7200   19.2298
    0.7300   19.2174
    0.7400   19.2056
    0.7500   19.1944
    0.7600   19.1840
    0.7700   19.1742
    0.7800   19.1650
    0.7900   19.1564
    0.8000   19.1483
    0.8100   19.1409
    0.8200   19.1339
    0.8300   19.1275
    0.8400   19.1216
    0.8500   19.1161
    0.8600   19.1111
    0.8700   19.1065
    0.8800   19.1024
    0.8900   19.0986
    0.9000   19.0952
    0.9100   19.0922
    0.9200   19.0896
    0.9300   19.0873
    0.9400   19.0853
    0.9500   19.0837
    0.9600   19.0823
    0.9700   19.0813
    0.9800   19.0805
    0.9900   19.0801
    1.0000   19.0799

    0.0000   21.1045
    0.0100   21.1035
    0.0200   21.1005
    0.0300   21.0957
    0.0400   21.0889
    0.0500   21.0801
    0.0600   21.0696
    0.0700   21.0571
    0.0800   21.0429
    0.0900   21.0270
    0.1000   21.0093
    0.1100   20.9901
    0.1200   20.9692
    0.1300   20.9469
    0.1400   20.9231
    0.1500   20.8979
    0.1600   20.8714
    0.1700   20.8437
    0.1800   20.8149
    0.1900   20.7850
    0.2000   20.7541
    0.2100   20.7223
    0.2200   20.6896
    0.2300   20.6562
    0.2400   20.6221
    0.2500   20.5873
    0.2600   20.5520
    0.2700   20.5163
    0.2800   20.4801
    0.2900   20.4436
    0.3000   20.4069
    0.3100   20.3699
    0.3200   20.3328
    0.3300   20.2957
    0.3400   20.2585
    0.3500   20.2214
    0.3600   20.1844
    0.3700   20.1475
    0.3800   20.1109
    0.3900   20.0745
    0.4000   20.0384
    0.4100   20.0027
    0.4200   19.9810
    0.4300   20.0388
    0.4400   20.0972
    0.4500   20.1248
    0.4600   20.0803
    0.4700   20.0348
    0.4800   19.9884
    0.4900   19.9411
    0.5000   19.8929
    0.5100   19.8439
    0.5200   19.7940
    0.5300   19.7433
    0.5400   19.6918
    0.5500   19.6396
    0.5600   19.5866
    0.5700   19.5330
    0.5800   19.4863
    0.5900   19.4627
    0.6000   19.4399
    0.6100   19.4179
    0.6200   19.3968
    0.6300   19.3765
    0.6400   19.3570
    0.6500   19.3383
    0.6600   19.3205
    0.6700   19.3034
    0.6800   19.2872
    0.6900   19.2717
    0.7000   19.2570
    0.7100   19.2431
    0.7200   19.2298
    0.7300   19.2174
    0.7400   19.2056
    0.7500   19.1944
    0.7600   19.1840
    0.7700   19.1742
    0.7800   19.1650
    0.7900   19.1564
    0.8000   19.1483
    0.8100   19.1409
    0.8200   19.1339
    0.8300   19.1275
    0.8400   19.1216
    0.8500   19.1161
    0.8600   19.1111
    0.8700   19.1065
    0.8800   19.1024
    0.8900   19.0986
    0.9000   19.0952
    0.9100   19.0922
    0.9200   19.0896
    0.9300   19.0873
    0.9400   19.0853
    0.9500   19.0837
    0.9600   19.0823
    0.9700   19.0813
    0.9800   19.0805
    0.9900   19.0801
    1.0000   19.0799

    0.0000   21.1045
    0.0100   21.1040
    0.0200   21.1026
    0.0300   21.1002
    0.0400   21.0970
    0.0500   21.0927
    0.0600   21.0876
    0.0700   21.0815
    0.0800   21.0745
    0.0900   21.0665
    0.1000   21.0575
    0.1100   21.0477
    0.1200   21.0368
    0.1300   21.0250
    0.1400   21.0123
    0.1500   20.9986
    0.1600   20.9839
    0.1700   20.9682
    0.1800   20.9516
    0.1900   20.9340
    0.2000   20.9154
    0.2100   20.8959
    0.2200   20.8753
    0.2300   20.8537
    0.2400   20.8312
    0.2500   20.8076
    0.2600   20.7831
    0.2700   20.7575
    0.2800   20.7310
    0.2900   20.7034
    0.3000   20.6748
    0.3100   20.6452
    0.3200   20.6146
    0.3300   20.5829
    0.3400   20.5503
    0.3500   20.5166
    0.3600   20.4819
    0.3700   20.4462
    0.3800   20.4095
    0.3900   20.3718
    0.4000   20.3331
    0.4100   20.2934
    0.4200   20.2527
    0.4300   20.2111
    0.4400   20.1684
    0.4500   20.1564
    0.4600   20.2165
    0.4700   20.2773
    0.4800   20.3391
    0.4900   20.4019
    0.5000   20.4656
    0.5100   20.5304
    0.5200   20.5963
    0.5300   20.6633
    0.5400   20.7315
    0.5500   20.8009
    0.5600   20.8717
    0.5700   20.9437
    0.5800   21.0170
    0.5900   21.0917
    0.6000   21.1678
    0.6100   21.2453
    0.6200   21.3242
    0.6300   21.4045
    0.6400   21.4863
    0.6500   21.5696
    0.6600   21.6543
    0.6700   21.7406
    0.6800   21.8283
    0.6900   21.9174
    0.7000   22.0081
    0.7100   22.1002
    0.7200   22.1938
    0.7300   22.2888
    0.7400   22.3853
    0.7500   22.4832
    0.7600   22.5826
    0.7700   22.6833
    0.7800   22.7854
    0.7900   22.8889
    0.8000   22.9937
    0.8100   23.0999
    0.8200   23.2074
    0.8300   23.3161
    0.8400   23.4261
    0.8500   23.5373
    0.8600   23.6497
    0.8700   23.7632
    0.8800   23.8779
    0.8900   23.9936
    0.9000   24.1103
    0.9100   24.2279
    0.9200   24.3464
    0.9300   24.4656
    0.9400   24.5854
    0.9500   24.7055
    0.9600   24.8254
    0.9700   24.9442
    0.9800   25.0595
    0.9900   25.1626
    1.0000   25.2151

    0.0000   26.2381
    0.0100   26.2373
    0.0200   26.2350
    0.0300   26.2311
    0.0400   26.2258
    0.0500   26.2190
    0.0600   26.2109
    0.0700   26.2015
    0.0800   26.1909
    0.0900   26.1793
    0.1000   26.1667
    0.1100   26.1533
    0.1200   26.1392
    0.1300   26.1246
    0.1400   26.1096
    0.1500   26.0943
    0.1600   26.0790
    0.1700   26.0637
    0.1800   26.0486
    0.1900   26.0338
    0.2000   26.0196
    0.2100   26.0060
    0.2200   25.9932
    0.2300   25.9814
    0.2400   25.9705
    0.2500   25.9609
    0.2600   25.9525
    0.2700   25.9455
    0.2800   25.9400
    0.2900   25.9360
    0.3000   25.9337
    0.3100   25.9331
    0.3200   25.9342
    0.3300   25.9372
    0.3400   25.9420
    0.3500   25.9487
    0.3600   25.9572
    0.3700   25.9677
    0.3800   25.9800
    0.3900   25.9942
    0.4000   26.0103
    0.4100   26.0281
    0.4200   26.0478
    0.4300   26.0691
    0.4400   26.0921
    0.4500   26.1167
    0.4600   26.1429
    0.4700   26.1705
    0.4800   26.1994
    0.4900   26.2297
    0.5000   26.2611
    0.5100   26.2936
    0.5200   26.3272
    0.5300   26.3616
    0.5400   26.3968
    0.5500   26.4327
    0.5600   26.4692
    0.5700   26.5062
    0.5800   26.5435
    0.5900   26.5811
    0.6000   26.6189
    0.6100   26.6567
    0.6200   26.6945
    0.6300   26.7320
    0.6400   26.7693
    0.6500   26.8062
    0.6600   26.8425
    0.6700   26.8781
    0.6800   26.9129
    0.6900   26.9468
    0.7000   26.9795
    0.7100   27.0110
    0.7200   27.0409
    0.7300   27.0690
    0.7400   27.0951
    0.7500   27.1187
    0.7600   27.1395
    0.7700   27.1568
    0.7800   27.1699
    0.7900   27.1779
    0.8000   27.1794
    0.8100   27.1730
    0.8200   27.1568
    0.8300   27.1288
    0.8400   27.0874
    0.8500   27.0316
    0.8600   26.9616
    0.8700   26.8787
    0.8800   26.7849
    0.8900   26.6825
    0.9000   26.5734
    0.9100   26.4594
    0.9200   26.3418
    0.9300   26.2219
    0.9400   26.1003
    0.9500   25.9781
    0.9600   25.8559
    0.9700   25.7351
    0.9800   25.6182
    0.9900   25.5142
    1.0000   25.4614

    0.0000   26.2381
    0.0100   26.2391
    0.0200   26.2421
    0.0300   26.2472
    0.0400   26.2542
    0.0500   26.2632
    0.0600   26.2742
    0.0700   26.2870
    0.0800   26.3018
    0.0900   26.3183
    0.1000   26.3367
    0.1100   26.3567
    0.1200   26.3785
    0.1300   26.4019
    0.1400   26.4268
    0.1500   26.4532
    0.1600   26.4811
    0.1700   26.5103
    0.1800   26.5408
    0.1900   26.5726
    0.2000   26.6055
    0.2100   26.6395
    0.2200   26.6746
    0.2300   26.7106
    0.2400   26.7475
    0.2500   26.7853
    0.2600   26.8238
    0.2700   26.8631
    0.2800   26.9030
    0.2900   26.9435
    0.3000   26.9845
    0.3100   27.0260
    0.3200   27.0680
    0.3300   27.1102
    0.3400   27.1528
    0.3500   27.1956
    0.3600   27.2387
    0.3700   27.2819
    0.3800   27.3251
    0.3900   27.3685
    0.4000   27.4118
    0.4100   27.4550
    0.4200   27.4982
    0.4300   27.5412
    0.4400   27.5841
    0.4500   27.6267
    0.4600   27.6691
    0.4700   27.7111
    0.4800   27.7528
    0.4900   27.7940
    0.5000   27.8349
    0.5100   27.8752
    0.5200   27.9151
    0.5300   27.9544
    0.5400   27.9931
    0.5500   28.0312
    0.5600   28.0687
    0.5700   28.1055
    0.5800   28.1416
    0.5900   28.1769
    0.6000   28.2115
    0.6100   28.2453
    0.6200   28.2783
    0.6300   28.3105
    0.6400   28.3418
    0.6500   28.3723
    0.6600   28.4019
    0.6700   28.4306
    0.6800   28.4584
    0.6900   28.4853
    0.7000   28.5112
    0.7100   28.5362
    0.7200   28.5603
    0.7300   28.5835
    0.7400   28.6057
    0.7500   28.6270
    0.7600   28.6473
    0.7700   28.6668
    0.7800   28.6740
    0.7900   28.5530
    0.8000   28.4376
    0.8100   28.3293
    0.8200   28.2301
    0.8300   28.1418
    0.8400   28.0662
    0.8500   28.0043
    0.8600   27.9558
    0.8700   27.9196
    0.8800   27.8936
    0.8900   27.8757
    0.9000   27.8638
    0.9100   27.8563
    0.9200   27.8520
    0.9300   27.8497
    0.9400   27.8489
    0.9500   27.8489
    0.9600   27.8494
    0.9700   27.8500
    0.9800   27.8505
    0.9900   27.8509
    1.0000   27.8511

